50 243 0 1
1 9 4
1 19 3
1 25 2
1 31 4
1 35 4
1 41 8
1 42 2
1 48 3
1 50 9
2 8 8
2 16 6
2 17 8
2 23 10
2 34 10
2 35 10
2 36 5
2 37 3
2 40 8
2 42 7
2 43 9
2 44 8
2 48 1
2 49 10
3 5 5
3 13 3
3 14 6
3 17 8
3 18 5
3 23 1
3 28 2
3 32 6
3 36 6
3 37 7
3 41 5
3 47 6
3 48 10
3 50 4
4 16 5
4 19 5
4 20 10
4 22 8
4 27 5
4 28 8
4 32 6
4 36 7
4 44 9
5 15 9
5 34 9
5 41 4
5 42 4
5 43 4
5 44 5
5 45 5
6 13 4
6 15 10
6 16 6
6 37 9
6 38 6
6 41 5
6 45 7
6 50 1
7 8 10
7 12 7
7 14 2
7 15 10
7 20 5
7 27 3
7 33 4
7 35 10
7 36 5
7 40 10
7 41 10
8 13 9
8 21 7
8 23 8
8 24 8
8 26 4
8 28 7
8 32 7
8 33 4
8 43 3
8 46 7
8 47 10
8 48 8
9 14 10
9 15 8
9 16 8
9 28 8
9 38 10
9 48 4
10 13 1
10 20 5
10 27 4
10 28 7
10 30 1
10 33 2
10 35 6
10 39 8
10 40 2
10 42 4
11 16 3
11 21 10
11 25 1
11 26 6
11 31 4
11 45 3
12 17 5
12 29 3
12 30 3
12 40 4
12 44 8
12 47 8
12 49 3
12 50 10
13 14 4
13 17 9
13 21 3
13 34 7
13 48 7
14 16 8
14 20 3
14 24 1
14 29 7
14 31 9
14 33 4
14 37 4
14 40 4
14 46 8
14 47 7
15 19 5
15 23 7
15 30 6
15 32 4
15 33 6
15 45 2
16 20 3
16 23 9
16 31 5
16 33 4
16 40 6
16 47 1
16 48 7
17 20 3
17 46 10
17 48 9
18 29 1
18 36 4
18 38 5
18 39 10
18 40 5
18 45 4
19 20 4
19 21 6
19 33 7
19 35 10
19 36 8
19 49 2
20 23 10
20 30 7
20 40 7
20 42 1
20 43 3
20 47 5
20 48 5
20 49 1
20 50 3
21 26 5
21 28 8
21 37 9
22 40 10
22 46 6
22 47 2
22 50 6
23 24 6
23 31 7
23 39 7
23 46 9
24 26 3
24 29 7
24 37 5
24 40 6
24 42 3
24 49 1
25 35 5
25 39 2
26 29 8
26 31 3
26 33 9
26 40 8
26 41 2
26 43 10
26 46 8
27 34 3
27 43 8
27 46 8
28 30 9
28 32 7
28 34 9
28 35 10
28 37 1
28 40 10
28 41 9
29 35 5
29 36 9
29 37 2
29 44 4
30 31 10
30 36 7
30 41 5
31 34 3
31 35 4
31 36 2
31 48 7
31 49 7
32 35 2
32 42 10
32 49 2
33 37 8
33 39 6
34 38 9
34 41 9
34 44 3
35 36 3
36 39 4
36 43 10
36 44 3
36 49 3
37 45 1
38 44 5
39 41 1
39 42 7
39 43 1
40 43 8
40 45 5
41 43 8
41 49 5
41 50 7
42 45 4
42 46 3
42 50 8
43 50 8
46 47 7
46 50 2