20 78 0 1
1 2 9
1 3 9
1 8 3
1 10 6
1 12 9
1 14 7
1 15 8
1 20 10
2 3 6
2 4 7
2 5 2
2 7 4
2 11 8
2 13 10
2 15 7
2 16 2
2 17 3
2 19 8
3 4 7
3 5 8
3 8 6
3 9 2
3 11 1
3 12 7
3 18 1
3 19 6
4 7 4
4 8 1
4 9 6
4 10 4
4 17 5
5 8 5
5 12 10
5 16 6
5 18 9
6 7 9
6 8 5
6 10 5
6 14 6
6 16 9
6 18 5
7 12 7
7 19 1
7 20 1
8 10 1
8 17 2
9 10 8
9 11 3
9 12 6
9 18 2
9 19 8
10 19 2
11 12 10
11 14 8
11 15 3
11 17 9
11 18 1
12 13 10
12 16 9
12 17 5
12 18 8
12 19 7
12 20 4
13 14 3
13 15 6
13 16 4
13 18 6
13 20 7
14 15 2
14 17 4
14 18 2
14 19 9
15 16 8
16 17 3
16 18 1
17 19 2
17 20 9
18 20 7