100 686 0 1
1 12 3
1 16 9
1 25 8
1 31 1
1 32 7
1 34 5
1 36 6
1 41 9
1 45 8
1 58 10
1 65 8
1 78 10
1 82 5
1 89 8
1 99 10
2 13 6
2 21 5
2 27 7
2 33 7
2 35 1
2 45 10
2 60 8
2 77 9
2 81 2
2 84 8
2 90 7
2 99 1
2 100 1
3 11 9
3 15 6
3 18 3
3 23 6
3 26 5
3 38 1
3 46 6
3 53 1
3 54 10
3 55 5
3 63 6
3 70 4
3 71 4
3 74 3
3 87 7
4 13 7
4 16 1
4 27 9
4 36 5
4 45 7
4 48 1
4 64 4
4 71 8
4 82 7
4 86 10
5 7 10
5 18 5
5 21 10
5 31 8
5 33 5
5 35 8
5 37 8
5 40 1
5 42 6
5 44 8
5 50 1
5 63 1
5 72 6
5 76 6
5 78 10
5 80 3
5 83 8
5 100 4
6 10 2
6 34 5
6 42 3
6 43 6
6 55 4
6 57 8
6 66 7
6 76 9
6 77 1
7 12 4
7 13 2
7 15 8
7 42 5
7 43 1
7 62 1
7 77 8
7 80 2
7 91 9
7 92 9
7 97 2
8 9 4
8 18 10
8 20 6
8 26 4
8 37 2
8 52 5
8 54 10
8 59 7
8 67 10
8 72 10
8 74 9
8 77 5
8 80 10
8 85 9
9 14 3
9 16 10
9 21 4
9 30 9
9 32 1
9 44 5
9 47 1
9 49 4
9 68 5
9 73 3
9 77 3
9 83 8
9 86 4
9 91 5
10 16 7
10 17 10
10 21 3
10 28 2
10 29 6
10 33 4
10 46 2
10 48 4
10 49 3
10 54 2
10 63 3
10 74 3
10 88 2
10 91 7
10 92 2
10 100 8
11 16 7
11 18 2
11 22 3
11 34 2
11 46 4
11 65 3
11 70 10
11 77 5
11 79 10
11 82 10
11 86 1
11 87 2
11 99 5
12 16 7
12 21 6
12 29 4
12 41 5
12 51 1
12 62 2
12 65 4
12 71 9
12 79 10
13 19 5
13 23 4
13 24 3
13 27 6
13 28 7
13 31 8
13 34 2
13 37 9
13 44 5
13 45 2
13 55 9
13 79 3
13 86 7
13 89 4
13 94 7
14 31 10
14 36 6
14 45 5
14 48 8
14 57 7
14 61 5
14 76 7
14 77 5
14 91 1
15 22 8
15 25 5
15 31 7
15 38 2
15 43 7
15 49 3
15 58 10
15 60 4
15 61 4
15 65 1
15 68 4
15 69 8
15 73 10
15 96 3
15 97 7
15 99 4
16 21 3
16 22 1
16 35 10
16 47 2
16 51 5
16 56 6
16 58 3
16 61 1
16 65 9
16 76 8
16 78 10
16 84 6
16 85 6
16 86 10
16 99 4
17 20 3
17 21 9
17 34 4
17 41 9
17 44 3
17 48 3
17 56 3
17 75 8
17 90 1
18 23 2
18 57 9
18 60 5
18 86 2
19 34 9
19 46 7
19 56 8
19 92 9
19 94 5
19 97 7
20 35 3
20 53 8
20 67 8
20 75 2
20 82 7
20 89 1
20 90 6
20 93 4
20 97 2
21 22 5
21 29 7
21 32 7
21 34 8
21 40 1
21 53 4
21 55 10
21 70 1
21 74 1
21 76 1
21 83 1
21 88 2
21 93 5
22 24 5
22 25 7
22 43 6
22 63 9
22 76 9
22 77 5
22 81 5
22 85 9
23 32 8
23 35 2
23 44 1
23 57 5
23 58 9
23 61 8
23 64 6
23 70 7
23 84 6
23 91 7
23 94 6
23 96 6
24 40 5
24 43 5
24 46 7
24 50 5
24 52 2
24 55 10
24 58 9
24 59 5
24 63 9
24 70 5
24 79 10
24 80 4
24 81 3
24 92 9
24 97 4
25 26 5
25 31 2
25 34 8
25 43 9
25 51 9
25 57 7
25 64 6
25 68 6
25 70 2
25 79 3
25 80 4
25 85 5
26 31 3
26 42 3
26 44 9
26 59 3
26 64 3
26 71 7
26 77 5
26 86 3
27 29 2
27 31 8
27 46 9
27 64 6
27 68 10
27 81 9
27 83 8
27 93 7
27 97 1
27 100 6
28 30 4
28 40 3
28 47 8
28 62 1
28 68 7
28 79 3
28 87 10
28 97 5
29 40 6
29 49 7
29 62 2
29 64 2
29 75 3
29 76 10
29 91 3
30 34 4
30 37 10
30 39 1
30 51 8
30 53 6
30 62 6
30 69 9
30 70 2
30 78 6
30 82 7
30 85 8
30 90 4
30 98 5
31 33 3
31 35 1
31 44 9
31 51 8
31 56 3
31 60 8
31 63 7
31 66 3
31 74 6
31 76 6
31 80 7
31 88 1
31 99 8
32 33 7
32 40 3
32 41 1
32 45 1
32 50 7
32 53 7
32 57 4
32 61 7
32 90 9
32 91 8
32 94 10
33 42 6
33 51 1
33 52 2
33 53 8
33 68 1
33 78 10
33 94 10
33 99 4
33 100 5
34 36 5
34 39 3
34 46 6
34 47 8
34 63 4
34 69 8
34 71 8
34 73 5
34 76 5
34 90 10
34 100 6
35 46 2
35 57 2
35 61 4
35 64 10
35 68 6
35 86 1
35 93 10
35 96 1
36 62 10
36 69 9
36 96 5
37 44 8
37 52 7
37 62 8
37 80 1
38 43 1
38 47 5
38 52 8
38 61 5
38 84 4
38 89 7
38 100 4
39 46 1
39 52 8
39 66 1
39 70 8
39 84 3
39 91 7
39 99 8
40 47 7
40 62 7
40 65 6
40 66 1
40 70 1
40 83 10
40 85 8
40 86 3
40 93 4
40 99 4
41 44 3
41 53 3
41 54 10
41 65 10
41 80 1
41 81 4
41 84 2
41 89 1
41 96 4
42 58 7
42 65 9
42 66 3
42 73 7
42 81 4
42 100 3
43 44 3
43 47 8
43 51 10
43 53 9
43 57 4
43 60 6
43 63 7
43 68 8
43 75 1
43 79 1
43 86 7
43 92 8
43 94 6
43 98 8
43 99 7
44 55 8
44 58 8
44 67 3
44 68 4
44 72 1
44 75 10
44 87 1
44 89 10
45 50 10
45 51 9
45 63 10
45 83 2
45 94 4
45 95 6
46 54 1
46 58 7
46 61 2
46 67 10
46 75 2
46 86 10
47 50 8
47 63 5
47 67 4
47 69 4
47 72 7
47 76 4
47 85 7
47 87 9
47 92 6
48 51 8
48 52 8
48 62 4
48 91 2
48 95 1
49 55 2
49 58 7
49 61 8
49 64 6
49 70 5
49 80 10
49 86 2
49 93 4
49 94 7
49 97 9
49 100 6
50 60 2
50 62 3
50 63 5
50 65 10
50 72 9
50 74 8
50 80 6
50 86 2
50 94 10
51 54 2
51 59 10
51 71 3
51 72 5
51 79 10
51 93 2
51 95 10
51 98 1
51 100 1
52 53 5
52 63 5
52 65 6
52 73 2
52 92 6
53 62 10
53 66 2
53 68 4
53 75 4
53 82 1
53 83 6
53 94 9
53 97 8
53 99 5
54 60 10
54 63 8
54 84 8
54 98 6
55 59 1
55 62 4
55 68 9
55 75 7
55 83 4
55 85 4
55 97 2
56 58 1
56 62 4
56 76 8
56 79 5
56 82 9
56 88 2
56 94 10
57 59 8
57 63 2
57 78 6
57 82 10
57 84 4
58 60 9
58 64 1
58 66 3
58 71 5
58 79 6
58 80 10
58 83 1
58 96 5
58 99 4
59 63 3
59 65 4
59 71 5
59 89 9
60 74 1
60 76 10
60 94 6
61 65 9
61 67 7
61 72 9
61 77 10
61 86 2
61 89 2
62 65 4
62 70 9
62 71 8
62 80 9
62 81 10
63 77 3
63 81 2
63 96 4
64 67 2
64 84 4
64 86 7
64 96 4
65 81 10
65 84 4
65 85 9
65 92 1
66 67 9
66 75 9
66 80 9
66 84 9
66 89 6
66 90 3
66 91 6
67 68 5
67 75 2
67 80 8
67 84 8
67 90 1
67 91 2
67 96 5
67 99 1
68 70 2
68 71 10
68 73 5
68 98 10
69 74 7
69 77 6
69 93 5
70 72 3
70 79 5
70 80 10
70 82 7
70 83 7
70 100 3
71 85 7
71 99 3
72 79 7
72 80 2
72 81 6
72 95 10
72 99 9
73 75 4
73 76 5
73 78 6
73 92 4
73 100 2
74 87 6
74 88 4
74 91 7
74 97 5
75 78 7
75 85 10
75 86 7
75 97 7
76 80 5
76 85 9
76 87 8
76 90 2
76 91 6
77 82 9
78 89 1
78 92 6
78 95 10
78 98 4
79 97 5
80 81 8
80 98 7
81 84 5
81 85 7
81 92 9
81 100 6
82 85 4
82 92 7
82 96 6
82 98 9
83 84 4
83 98 8
84 96 9
85 99 5
86 88 2
86 94 2
86 96 9
87 89 6
87 91 8
87 93 7
87 95 1
87 97 6
87 98 7
88 93 6
88 94 8
90 94 2
90 98 5
91 95 1
91 98 6
95 100 8