200 2200 0 1
77 101 5
86 131 4
10 148 7
119 190 8
20 190 6
121 172 8
169 181 3
86 172 10
120 191 7
41 54 8
71 101 10
48 119 10
1 46 2
75 85 4
51 200 5
183 189 9
101 119 9
103 149 10
90 130 4
108 145 8
85 89 8
89 178 6
10 66 3
129 150 7
149 182 1
98 198 9
131 141 1
135 151 7
169 171 8
118 190 2
94 131 6
75 187 1
22 125 9
163 180 6
119 191 8
47 154 9
33 190 5
90 167 1
138 150 8
7 10 6
20 168 8
25 198 3
23 74 10
1 173 9
11 178 8
33 90 8
125 188 1
1 184 5
41 137 7
87 125 3
52 116 1
43 196 8
95 171 10
24 96 4
173 190 3
80 117 10
61 64 6
5 22 5
105 184 1
63 88 8
130 137 8
147 149 3
161 169 10
120 192 7
93 153 6
12 136 1
21 26 9
24 138 4
47 143 5
133 139 1
108 141 1
35 167 5
26 131 3
3 157 6
7 72 8
53 169 7
170 182 9
9 38 4
192 197 6
5 85 6
28 164 2
52 171 1
118 132 7
5 14 10
23 171 4
50 132 8
125 175 10
151 164 9
40 132 4
38 140 9
47 174 2
40 139 7
37 82 2
37 129 7
5 169 9
39 187 1
4 147 4
160 162 2
108 200 4
62 131 6
143 192 5
40 151 8
32 165 10
136 169 5
131 197 7
61 160 10
5 53 5
55 136 5
12 116 5
31 191 2
21 51 6
102 186 3
8 129 2
7 33 4
166 178 2
94 164 3
40 95 3
27 78 5
56 190 2
28 71 9
2 144 5
149 189 2
11 93 1
54 106 10
31 87 2
69 114 8
124 182 5
184 200 8
29 164 4
98 190 4
20 101 7
6 50 5
29 183 9
2 153 1
42 134 3
48 60 8
67 188 4
47 86 8
19 76 8
130 186 9
114 156 6
87 141 8
61 181 5
87 134 5
173 180 9
97 142 4
104 115 10
32 135 1
135 190 3
174 190 10
53 145 3
17 47 2
99 101 3
88 200 4
60 133 6
113 192 4
177 179 4
15 78 5
21 179 5
101 152 8
71 100 1
93 189 2
42 156 7
132 199 3
19 28 6
75 115 5
102 199 2
14 187 10
68 112 2
39 161 2
158 198 8
96 188 7
60 168 8
67 150 8
46 134 10
36 60 10
65 179 8
185 200 8
114 131 3
13 182 7
81 197 6
109 174 1
92 123 2
56 175 6
35 154 3
54 66 9
15 76 1
51 182 9
80 173 10
166 197 4
47 74 10
24 71 4
26 40 4
145 179 7
5 149 1
31 39 9
66 105 3
88 198 6
114 147 5
30 144 1
5 95 8
101 165 1
122 130 9
26 181 2
37 98 7
71 102 9
41 166 8
33 93 6
15 186 3
80 110 7
96 170 10
71 175 3
179 184 6
117 200 6
1 124 2
32 191 9
44 176 3
122 178 10
59 172 1
58 151 6
43 160 2
11 41 7
28 33 4
82 92 6
74 167 7
32 42 9
61 184 10
89 105 4
48 80 6
8 12 1
48 122 2
41 189 4
81 161 6
110 200 9
95 100 8
49 126 1
18 65 8
35 197 9
72 121 7
154 161 9
13 26 1
34 60 9
50 127 9
56 71 8
33 184 10
11 116 8
107 200 8
63 194 1
67 125 4
1 128 8
97 175 8
40 61 10
41 164 5
15 58 4
46 179 10
82 89 7
7 39 9
83 107 2
21 198 3
18 19 8
33 114 4
55 105 1
86 150 8
114 136 2
21 128 7
35 193 4
84 180 5
8 90 10
188 191 5
42 124 2
22 134 8
102 129 2
75 199 10
3 174 7
104 178 5
86 128 8
5 88 10
136 168 2
71 106 8
77 118 4
118 163 6
2 111 5
91 93 2
111 194 9
89 110 9
31 156 10
60 103 6
37 138 2
53 167 5
58 107 10
82 123 8
56 126 2
24 67 6
37 200 10
128 177 1
27 79 2
62 115 4
158 174 3
159 181 7
59 72 2
7 184 2
30 32 4
4 164 3
132 137 9
85 103 2
11 114 3
26 27 5
46 61 8
120 124 8
99 167 4
114 153 1
67 194 3
96 158 8
23 140 6
125 172 10
73 113 4
36 46 9
46 67 2
147 148 7
92 113 6
105 123 10
24 179 9
19 155 6
156 170 6
86 113 1
89 173 7
7 161 3
64 77 7
48 106 6
119 178 3
66 115 10
18 42 6
120 194 6
4 159 3
67 164 5
56 154 8
29 176 3
18 132 6
46 55 3
73 76 9
73 178 5
55 61 5
71 131 4
53 86 5
20 157 3
114 197 10
32 50 5
148 149 8
98 191 7
79 188 9
45 77 7
126 132 10
103 156 1
126 200 5
92 143 7
163 199 9
57 58 7
23 82 7
29 156 4
157 158 3
84 96 1
9 174 5
25 69 3
12 186 2
11 125 3
7 21 2
99 159 2
41 130 2
1 99 3
7 153 10
32 55 3
74 200 10
115 134 10
106 151 10
18 121 3
13 98 4
23 70 7
44 59 10
31 154 3
9 178 4
19 49 6
41 181 7
52 188 1
60 73 6
39 193 1
34 113 7
173 188 1
137 174 7
65 188 10
44 47 3
141 157 6
57 115 7
73 177 7
26 128 3
10 61 8
6 30 4
190 197 3
5 135 2
74 76 5
177 187 10
136 141 1
120 165 6
77 136 9
137 181 3
156 162 6
127 180 2
130 183 3
6 47 1
85 152 3
49 182 5
148 200 10
38 85 5
34 91 2
82 131 6
35 105 8
60 160 6
157 163 1
11 142 1
84 162 8
115 166 6
83 155 2
76 137 2
54 77 6
18 37 8
7 101 10
13 145 6
52 193 2
19 123 5
59 80 7
2 186 4
136 176 4
113 199 9
86 159 9
106 120 10
1 145 6
61 135 6
7 140 8
60 63 9
92 161 7
136 197 4
68 98 4
42 82 4
79 95 6
25 60 3
42 87 7
74 173 1
26 124 9
62 127 4
96 114 2
39 40 8
91 163 2
39 108 8
60 64 10
10 41 10
80 96 7
39 51 4
163 179 8
72 88 1
5 115 8
74 183 4
110 186 5
42 110 3
134 163 1
37 114 5
17 198 10
31 150 10
10 171 1
177 188 10
137 151 8
45 95 3
1 113 9
147 197 9
5 87 2
38 117 4
50 53 8
32 91 5
56 165 9
63 104 1
108 122 6
99 160 2
118 153 1
37 117 4
1 12 2
64 162 9
54 125 7
43 139 4
60 96 4
4 161 8
28 64 5
49 189 5
62 182 7
78 159 5
49 106 8
90 186 2
58 192 1
1 51 7
85 184 4
40 65 2
158 177 8
9 54 3
13 185 9
83 129 5
33 176 9
25 91 7
110 112 9
43 104 1
28 145 1
104 148 4
33 142 10
101 102 1
151 195 5
2 100 4
58 129 6
104 168 4
60 172 5
128 129 8
69 135 3
110 138 10
38 42 6
103 141 7
76 166 4
40 96 1
93 109 10
103 175 3
60 139 9
45 173 6
15 43 2
148 167 1
85 116 3
164 169 9
32 169 1
36 200 1
186 198 5
47 116 9
80 151 2
69 122 6
62 65 7
127 194 4
100 110 1
11 62 7
145 154 7
24 143 7
25 41 7
59 170 9
15 99 10
16 58 4
17 178 10
102 157 6
37 39 3
137 141 5
166 187 9
52 103 7
102 137 2
98 163 5
7 150 9
29 65 3
94 151 5
130 195 10
21 44 10
93 105 5
50 88 10
134 189 3
94 136 1
89 132 4
97 188 10
10 98 5
14 60 4
95 197 2
42 192 2
59 166 2
33 141 1
11 130 6
73 111 9
93 131 9
6 37 1
7 8 2
4 34 7
45 100 4
24 193 3
93 144 10
13 170 2
148 176 5
58 69 5
80 100 2
126 130 7
59 105 10
20 35 10
4 163 2
41 107 10
107 130 1
61 167 10
118 166 7
62 137 3
120 139 8
124 147 7
100 175 6
119 160 7
62 125 3
10 13 1
10 69 6
111 139 8
19 70 7
45 160 1
169 197 10
100 135 5
35 58 2
8 92 4
74 170 10
84 200 3
123 153 6
117 128 10
9 151 10
77 199 6
1 56 1
104 163 8
128 137 2
162 178 8
118 169 4
38 41 9
164 186 1
92 122 1
81 103 3
5 184 5
37 97 10
91 134 8
51 170 1
38 147 4
17 161 9
148 157 1
111 132 9
31 35 5
87 109 7
1 9 5
110 133 8
66 134 8
35 172 2
110 190 4
126 163 2
76 146 9
32 147 7
31 74 4
66 121 1
48 90 10
19 43 9
125 129 1
84 129 5
34 186 6
22 183 7
68 104 6
52 141 2
172 177 3
79 150 3
14 71 10
83 140 10
46 91 8
38 99 10
17 26 10
67 198 9
20 48 3
17 153 10
39 94 6
47 148 4
116 175 3
59 156 4
103 126 7
132 174 1
31 112 2
106 179 5
31 131 1
118 197 1
45 46 5
44 98 5
63 184 8
70 159 7
103 172 3
95 111 7
12 180 9
13 183 10
107 142 5
22 45 1
141 150 4
50 93 3
41 45 5
22 93 9
156 165 9
120 134 4
35 36 7
86 139 10
35 64 2
97 192 6
162 194 1
121 127 1
50 79 3
1 50 4
33 88 10
1 18 3
19 187 1
12 188 1
65 100 1
59 89 10
27 148 3
99 187 3
38 150 2
71 147 3
23 35 10
51 53 3
35 195 3
78 176 1
95 182 9
9 28 3
17 162 2
68 175 6
21 47 10
52 131 9
22 73 6
153 190 8
23 50 1
95 152 2
52 140 4
45 92 6
86 141 1
131 180 6
36 155 4
30 85 1
63 64 10
67 154 1
89 142 10
22 187 9
45 66 4
129 196 7
32 177 8
46 72 6
43 170 8
7 118 2
93 139 2
6 89 2
42 73 5
65 156 8
64 125 8
33 135 4
40 43 2
53 137 3
52 192 1
73 98 6
63 83 2
129 158 3
40 157 9
37 155 3
26 168 2
5 148 10
137 157 6
78 165 4
10 156 5
154 169 5
176 187 1
73 127 9
107 135 4
89 95 1
86 171 6
31 86 3
37 45 6
4 162 10
119 146 8
163 174 10
80 87 2
80 186 2
149 166 4
48 181 3
14 61 10
159 194 2
1 45 7
53 107 9
15 54 10
18 155 10
19 162 8
8 88 1
100 182 5
73 121 5
64 170 10
67 101 10
161 196 8
110 129 9
52 181 2
49 133 4
56 148 10
86 106 9
6 181 9
94 149 9
55 80 7
187 189 10
114 195 2
28 195 6
33 183 2
28 183 7
25 168 1
73 102 6
129 161 10
15 185 3
158 162 5
44 197 2
62 146 8
62 126 10
54 70 3
124 137 9
43 199 7
124 155 6
65 167 5
27 83 10
8 11 1
148 168 4
40 100 10
73 145 2
73 157 3
3 90 3
38 51 10
6 16 8
38 135 1
31 176 9
151 179 6
51 167 6
102 189 6
24 178 5
55 195 9
51 103 10
60 77 4
32 40 10
6 195 10
34 69 6
73 125 1
5 194 5
105 107 6
101 130 6
74 143 1
12 94 9
32 172 10
5 116 8
112 118 8
130 173 3
120 126 4
105 196 5
89 190 4
93 145 7
162 177 5
158 176 6
32 195 5
3 124 4
9 56 5
83 147 9
62 134 1
33 181 8
114 170 1
22 100 5
33 43 6
178 186 8
15 189 8
51 73 5
23 66 4
36 92 2
103 180 7
12 25 2
126 196 7
152 189 4
96 174 7
4 171 5
23 156 4
68 132 8
22 62 1
112 159 9
74 135 2
120 174 7
8 165 2
60 82 10
27 64 1
91 178 4
20 162 5
80 192 4
154 171 6
3 173 8
15 21 2
78 162 3
41 122 3
12 40 9
51 75 9
98 105 1
131 157 5
134 150 7
73 83 3
20 154 8
10 192 1
61 82 3
66 144 10
51 148 3
24 151 9
132 142 1
56 106 4
17 107 4
66 88 4
89 99 10
87 200 6
2 106 3
158 169 1
118 154 2
10 20 4
30 110 10
141 160 8
48 50 9
84 103 9
17 133 9
46 181 9
148 191 9
119 154 8
133 175 9
189 191 6
26 88 1
36 193 9
66 139 8
55 150 2
23 139 5
26 73 8
64 108 2
62 116 4
51 192 2
167 169 3
60 62 3
16 169 7
181 197 6
29 108 7
125 198 1
50 97 3
20 149 8
52 195 9
59 145 4
160 186 1
112 182 5
92 181 4
84 165 6
86 173 3
1 22 2
64 93 10
62 96 1
18 168 8
8 109 4
95 157 2
21 63 1
99 196 3
51 107 8
132 138 9
64 156 3
30 106 10
129 166 5
86 98 5
16 144 9
137 183 9
11 71 7
23 80 8
34 123 1
43 188 8
47 125 9
12 35 8
4 102 9
73 167 10
144 178 7
84 122 3
85 114 7
127 172 4
39 77 3
72 97 6
142 190 7
39 124 9
125 182 7
9 36 9
139 196 6
136 137 3
28 113 2
103 154 7
33 76 10
115 136 1
71 132 5
26 68 1
139 150 10
103 121 4
79 146 9
157 189 6
141 195 4
68 159 2
39 194 5
164 176 2
186 197 5
31 48 7
55 79 4
107 117 4
117 138 2
28 51 5
10 100 8
94 195 6
3 48 10
74 128 9
174 176 6
49 99 3
78 134 2
25 89 10
42 131 1
11 143 1
74 93 1
94 175 4
8 123 5
189 196 7
105 142 2
47 109 1
71 76 4
32 171 8
73 132 3
131 177 7
7 112 6
25 123 1
25 155 7
127 186 2
36 158 5
95 165 8
4 92 2
32 144 8
51 143 9
65 116 4
20 98 2
187 197 2
48 164 6
85 149 2
75 135 4
32 163 8
12 191 6
96 116 5
91 193 4
8 83 4
70 164 9
138 171 10
61 113 6
93 126 3
97 143 6
8 98 4
87 111 5
14 105 4
124 159 10
5 141 5
41 177 5
42 186 1
52 164 7
74 172 3
43 87 5
54 199 9
181 185 10
121 194 9
151 192 9
12 99 1
6 120 6
12 149 3
56 172 8
104 157 7
14 133 7
38 172 1
106 176 7
10 161 1
104 183 6
51 109 2
50 153 8
68 123 3
32 142 7
47 83 8
15 77 2
34 108 8
148 180 7
89 107 10
90 159 6
133 166 4
6 123 3
5 183 1
87 146 5
80 140 7
23 182 10
85 191 3
13 122 4
56 97 6
30 45 2
72 94 3
124 173 6
20 139 5
22 25 4
51 162 8
40 59 4
84 194 6
2 74 5
45 64 7
110 188 4
154 175 7
75 178 10
17 44 6
4 16 3
64 103 9
71 168 3
38 129 1
34 36 9
70 126 1
61 154 7
25 30 4
50 141 4
87 154 1
24 160 9
65 81 5
11 133 5
70 174 3
52 72 6
139 177 3
5 174 5
156 181 2
15 172 4
117 195 2
164 198 9
22 193 4
58 81 4
9 172 2
155 165 7
158 173 9
112 150 9
23 83 9
68 126 9
109 158 3
16 21 1
69 176 6
51 84 3
46 82 5
34 190 9
69 191 2
97 199 3
46 106 1
64 176 5
97 197 7
12 172 8
6 194 5
19 179 5
108 115 6
30 69 2
15 50 3
77 154 4
110 193 6
1 6 2
88 155 7
151 182 7
83 178 9
63 95 3
78 110 8
142 191 9
143 195 2
39 182 3
39 142 4
20 36 2
92 196 9
2 194 8
154 182 3
56 145 9
106 183 10
1 43 7
29 34 1
58 193 6
10 144 4
47 159 8
4 67 4
85 109 10
10 188 7
51 88 4
44 140 4
36 56 4
112 177 10
81 162 6
1 96 2
98 145 6
84 97 6
94 129 9
35 100 5
46 115 3
106 161 9
128 167 4
18 174 5
183 200 7
105 155 7
84 151 1
113 160 3
24 168 10
47 146 6
2 89 8
131 170 10
57 154 7
74 151 7
81 166 9
17 84 6
139 186 2
57 84 1
3 198 5
179 194 10
120 158 7
132 173 2
52 138 1
3 49 1
10 83 10
32 74 1
77 84 9
91 109 2
118 141 5
44 195 8
128 174 9
8 152 10
54 85 4
48 138 9
54 84 1
93 198 9
76 124 6
21 103 1
67 98 3
140 192 1
44 144 4
30 76 6
73 187 5
75 123 2
14 114 9
116 179 2
94 134 8
24 33 5
18 69 4
141 200 3
55 114 6
94 101 9
54 90 7
90 107 3
80 154 5
41 108 8
20 119 3
47 57 6
12 177 3
46 162 4
27 46 7
30 117 8
9 77 1
181 200 3
46 169 7
145 184 7
164 179 8
136 190 7
35 68 10
83 186 7
93 121 3
52 61 4
119 124 9
100 132 9
120 137 2
16 79 1
28 185 2
120 183 5
56 115 5
7 196 3
24 161 10
79 92 5
117 199 10
66 72 2
48 176 4
54 195 1
20 86 10
1 187 3
2 92 6
138 164 1
112 172 7
114 171 4
46 170 3
17 151 9
28 114 9
12 144 7
17 121 1
76 122 9
60 175 2
139 200 4
35 179 9
100 180 8
62 93 4
25 189 1
135 177 1
28 159 5
81 93 3
147 175 1
3 97 10
54 153 10
31 54 3
163 172 10
48 183 1
9 120 5
29 59 5
100 195 10
33 174 1
47 137 6
4 21 5
8 140 5
136 194 9
14 163 2
45 112 4
85 162 9
117 119 7
8 198 1
22 179 10
117 185 7
143 169 5
22 70 1
46 180 4
93 178 6
32 86 2
153 188 6
45 159 5
40 170 9
7 160 9
100 187 1
71 195 7
24 42 4
102 139 2
21 177 6
26 180 2
53 77 2
98 168 5
5 100 5
19 88 4
15 195 2
26 165 4
2 124 9
144 149 8
20 194 5
136 181 8
24 166 10
71 174 6
4 42 8
59 153 9
128 152 10
98 150 1
14 70 3
100 191 8
133 180 9
107 110 6
83 136 3
107 109 7
42 116 2
122 123 8
13 172 7
88 193 5
12 198 2
84 135 1
87 115 4
19 181 2
36 81 8
47 81 4
7 44 2
56 58 2
147 180 5
109 128 9
25 46 10
69 95 6
76 149 3
44 194 1
23 45 7
43 198 5
126 195 7
52 81 8
73 155 8
156 197 7
7 120 8
103 195 7
12 37 8
38 171 7
26 164 3
1 14 2
99 182 6
6 114 1
46 173 9
39 197 7
79 170 10
116 125 10
61 142 2
1 161 2
146 157 8
26 200 6
72 99 8
98 110 9
32 115 5
58 157 2
170 199 1
2 69 5
111 141 2
63 141 4
5 99 2
60 75 8
46 49 8
49 140 7
60 200 10
19 85 1
95 104 5
8 31 9
16 145 5
78 116 2
70 131 6
153 200 8
55 137 6
12 74 7
59 90 1
9 111 7
26 30 9
37 187 10
60 69 3
69 116 10
32 187 9
104 195 7
156 183 4
128 156 8
74 196 7
104 110 7
81 143 8
90 138 3
98 139 4
43 151 8
72 96 3
55 129 5
10 74 3
65 114 8
135 156 9
35 188 3
123 142 2
48 101 3
52 174 2
17 91 4
49 91 8
31 148 4
24 28 5
175 192 3
54 170 3
138 172 9
81 167 5
101 177 2
122 195 2
5 77 5
57 69 6
65 169 9
1 8 6
103 161 1
151 166 8
48 175 4
7 81 2
51 67 1
72 185 10
27 132 2
23 46 8
85 105 4
130 171 3
64 120 4
12 151 4
147 198 10
2 46 1
110 184 10
69 184 10
65 138 9
27 31 2
163 173 7
108 110 1
91 187 6
41 61 3
80 88 5
26 150 8
112 122 2
102 113 5
103 148 10
8 182 1
48 124 3
113 186 9
60 88 7
20 195 1
76 132 8
17 102 10
113 158 6
8 106 6
4 62 4
8 53 8
17 180 6
14 96 6
5 168 6
126 166 4
19 127 5
142 181 5
9 47 3
70 98 3
19 129 6
114 125 1
81 179 9
40 110 10
27 119 1
80 134 2
53 148 10
28 179 10
37 81 6
113 121 1
40 130 10
99 173 4
59 178 1
158 183 2
53 150 6
45 62 6
75 113 7
19 122 3
41 52 6
88 119 2
97 160 4
111 170 4
146 183 7
76 136 6
21 190 4
30 150 9
88 192 1
47 196 10
80 112 6
122 153 3
140 175 5
62 180 2
174 180 8
33 63 6
140 188 2
27 199 7
103 176 1
31 127 5
15 101 6
67 90 10
30 154 2
71 162 7
13 42 7
33 50 3
103 129 1
107 163 3
114 186 9
20 47 3
109 194 9
110 161 6
91 144 4
34 92 6
103 179 1
4 157 7
127 163 5
168 176 6
7 93 6
37 86 9
6 53 2
27 114 1
77 168 7
89 177 5
12 92 7
157 182 3
85 93 8
26 134 3
69 103 1
55 59 6
87 181 5
66 76 10
58 191 1
6 199 4
1 100 4
45 198 7
3 186 6
139 160 5
23 194 5
31 105 4
115 126 10
64 185 3
82 149 7
25 68 8
57 130 7
174 179 8
2 59 7
156 191 5
134 175 8
2 175 1
60 153 3
41 144 4
12 58 8
41 69 2
11 110 3
101 139 7
45 152 8
3 43 1
8 105 3
174 184 1
180 196 4
10 99 6
77 86 2
97 98 5
25 161 10
107 145 5
22 196 2
57 158 3
36 110 2
33 39 4
38 158 3
90 166 1
11 144 2
53 101 3
65 148 9
28 83 6
160 165 7
6 100 9
109 156 8
42 195 3
54 197 4
24 57 4
101 116 8
71 145 6
121 168 1
79 193 2
9 132 4
68 142 7
72 153 7
48 57 9
150 183 10
105 192 7
8 112 9
127 160 1
26 95 3
53 63 10
100 161 9
33 167 7
118 196 5
115 119 3
85 167 5
102 159 4
17 144 9
86 186 9
64 172 9
89 117 5
20 146 8
7 87 10
187 196 3
89 198 7
76 161 6
68 194 10
37 120 1
14 176 10
107 152 8
23 54 9
25 31 2
22 128 1
95 176 6
30 65 10
43 97 9
122 138 5
146 181 3
107 170 10
134 144 6
12 77 10
129 134 9
59 78 9
100 139 8
99 108 5
55 65 1
26 79 9
31 53 6
55 124 3
89 185 5
84 100 6
97 137 1
38 165 10
38 183 8
38 83 8
43 116 9
102 172 2
108 186 9
26 76 7
136 163 6
51 58 9
10 16 10
119 145 6
8 26 3
30 132 3
71 104 8
81 158 7
66 187 1
66 98 10
61 152 4
79 102 10
132 187 2
67 166 5
66 197 4
165 192 8
121 177 9
156 174 1
55 179 10
64 152 8
1 119 10
40 58 8
6 140 8
116 152 6
42 93 10
143 183 10
48 112 4
16 142 2
89 116 6
48 198 6
69 189 2
105 165 7
27 124 8
6 52 2
5 55 6
13 81 4
104 153 4
177 186 9
124 169 3
8 93 3
48 163 5
145 158 2
4 78 9
88 188 2
136 191 2
3 35 1
176 186 4
116 197 7
143 180 9
72 104 8
156 160 4
158 172 8
136 184 10
19 33 9
16 48 3
137 195 7
33 122 2
118 186 9
132 152 8
49 174 7
33 71 6
63 137 10
69 129 4
46 84 1
151 178 6
131 167 10
6 38 10
39 129 3
59 136 1
49 149 4
61 186 4
68 72 4
22 149 7
154 190 10
36 176 3
64 130 10
78 89 1
12 20 2
42 44 2
67 122 7
29 33 6
36 182 4
120 138 9
91 107 6
45 106 10
38 120 4
6 129 4
73 171 9
33 49 2
30 43 2
14 156 7
79 162 10
173 195 8
30 192 10
100 188 6
128 196 10
57 195 1
194 195 2
132 168 9
17 22 5
96 144 9
44 186 8
128 138 9
80 184 9
53 54 6
27 173 3
26 161 2
37 147 9
58 152 4
94 118 7
21 148 5
72 152 3
57 68 3
88 149 10
165 168 10
87 163 1
38 193 4
2 150 1
66 149 10
59 70 5
59 163 2
32 154 7
102 194 5
93 172 9
44 107 10
14 46 10
76 193 7
88 102 8
99 148 2
13 123 5
59 199 10
126 168 5
15 61 5
62 120 4
100 109 8
22 43 6
13 52 10
67 153 4
71 172 5
56 87 10
12 179 6
95 167 4
109 182 5
82 169 1
69 100 10
22 56 2
141 192 10
20 34 3
4 132 1
65 119 5
49 159 9
84 112 6
5 154 8
62 83 6
24 171 3
168 180 5
79 151 1
45 116 5
160 190 9
67 91 2
61 117 10
186 188 4
51 68 5
58 131 4
64 196 1
25 165 7
168 187 4
4 44 4
123 124 7
23 108 8
39 123 7
34 140 9
4 98 5
149 165 3
111 165 9
66 114 4
70 129 7
23 106 2
162 168 4
62 145 10
137 190 2
157 187 8
127 169 5
35 186 10
86 116 3
115 186 1
22 48 2
15 95 5
107 134 4
115 179 2
60 101 2
23 159 9
7 155 10
97 183 5
94 147 7
176 190 10
47 55 6
128 160 5
142 151 9
25 58 1
102 106 4
125 199 10
88 97 9
58 137 8
30 125 4
1 154 4
144 163 7
85 133 4
132 135 8
9 140 5
7 97 10
168 196 4
23 152 6
18 80 6
35 99 2
142 198 6
81 95 5
17 174 1
65 193 3
89 149 5
130 161 9
62 130 10
106 140 3
11 43 3
23 67 4
34 188 6
105 140 1
80 102 9
3 103 2
30 109 8
135 192 9
37 175 2
35 106 3
37 57 5
36 39 8
148 151 4
138 159 2
78 144 2
72 159 10
87 151 7
17 75 6
62 90 7
27 44 1
1 197 5
104 154 3
63 118 3
29 153 3
72 155 9
114 120 10
79 155 6
56 155 8
121 162 2
150 182 9
18 108 7
63 162 7
124 152 3
41 179 1
123 139 7
82 120 8
132 171 8
89 141 8
112 142 3
34 134 8
8 137 6
11 70 3
92 134 6
34 168 10
152 177 2
14 33 2
43 95 3
19 78 9
21 152 5
18 91 5
104 171 5
69 112 5
28 149 2
3 99 8
113 190 6
19 25 1
120 196 5
87 113 7
27 160 8
90 143 8
6 135 10
49 121 7
15 91 3
71 89 6
78 196 5
95 200 3
18 162 2
63 178 10
88 146 8
53 57 7
107 174 2
93 177 10
86 105 3
136 159 9
46 121 5
8 95 4
54 149 6
21 36 8
63 102 7
115 196 7
14 152 10
92 112 1
104 185 10
5 114 5
4 56 7
95 143 5
52 91 1
51 83 8
57 186 8
133 150 1
139 159 7
35 158 5
2 122 5
76 81 8
16 140 8
33 36 9
11 120 1
47 64 6
123 164 4
36 41 7
36 64 9
156 187 4
39 98 2
93 185 9
10 54 2
15 144 2
153 191 7
14 197 6
35 76 6
26 195 5
12 45 9
29 185 4
65 93 4
62 114 5
69 96 7
27 126 1
74 175 5
158 191 3
109 190 3
14 104 7
17 127 9
7 159 7
88 129 7
139 189 3
67 100 3
152 195 7
39 141 5
9 184 9
46 188 7
131 194 7
91 167 5
87 152 7
44 109 10
2 171 1
85 176 2
18 27 3
18 169 3
80 145 8
6 96 4
9 51 8
133 165 4
108 188 1
131 178 8
14 89 10
46 128 4
12 24 5
113 138 8
45 150 8
8 193 7
13 89 10
136 162 9
91 182 7
110 115 2
2 79 2
70 158 7
31 84 9
80 84 10
113 193 10
101 195 5
89 118 9
53 153 2
37 65 8
102 110 3
60 112 6
12 125 9
9 165 7
6 167 4
50 99 10
111 190 7
6 109 4
50 194 5
126 182 4
112 184 3
78 104 2
113 177 2
81 126 10
185 186 7
66 155 6
13 96 1
70 195 9
82 133 4
69 170 5
133 149 3
83 197 2
95 168 4
14 38 10
110 134 8
19 93 4
31 56 9
66 178 5
183 184 5
133 152 9
58 197 2
24 133 6
117 188 9
42 187 3
18 199 9
19 61 4
11 40 6
38 113 5
155 156 6
14 139 9
17 95 7
127 151 6
86 191 4
25 185 6
101 166 2
23 115 5
92 140 8
20 85 8
70 178 1
48 168 5
50 178 7
176 179 7
37 59 3
48 116 7
45 155 1
60 137 6
105 188 8
14 51 4
53 196 4
56 176 2
91 111 8
42 174 8
33 99 7
68 183 4
43 163 10
47 79 10
19 31 2
62 70 2
17 129 6
3 61 1
24 61 1
65 86 2
66 73 2
27 186 7
97 123 5
7 117 5
25 157 10
29 41 7
114 158 3
119 192 7
7 167 1
25 139 7
18 194 6
147 193 1
84 142 6
41 120 8
96 125 10
59 169 2
31 177 2
32 153 6
36 66 6
95 156 8
147 158 7
175 189 1
33 189 8
25 87 2
73 99 2
68 124 2
108 167 6
49 92 2
146 165 6
73 170 1
28 151 2
92 198 7
2 8 10
4 49 3
20 150 7
34 81 7
97 168 8
48 76 7
41 98 4
43 85 1
96 160 1
13 74 10
85 101 4
46 117 3
68 163 2
109 142 6
85 183 9
2 78 8
97 104 3
73 100 6
165 183 8
81 91 3
22 99 2
13 103 2
31 189 9
70 173 7
131 176 7
114 184 1
62 108 9
116 131 1
63 152 6
47 119 8
52 53 5
150 186 9
52 99 7
116 132 4
31 149 8
35 56 3
20 183 5
106 169 2
74 168 5
48 127 7
