200 8000 0 1
73 124 2
142 164 2
10 120 10
55 185 3
64 172 1
7 118 4
44 59 7
70 166 10
18 119 9
146 179 8
34 84 8
77 109 1
115 196 4
40 83 1
32 197 7
60 117 7
146 157 9
17 190 5
4 193 8
54 124 3
59 175 2
22 33 6
63 101 10
122 191 5
19 189 9
73 120 7
66 102 3
25 200 2
17 193 5
69 117 4
60 142 10
33 182 6
165 178 1
16 20 10
151 156 2
29 69 9
74 122 7
24 189 2
34 186 9
11 40 1
7 32 8
114 131 9
102 157 2
53 142 6
46 124 5
62 74 3
124 187 10
124 148 3
37 143 8
47 168 8
135 168 7
6 14 10
38 52 2
55 168 4
69 135 7
23 100 8
124 138 8
24 131 6
17 83 5
103 171 5
27 134 6
89 119 9
118 183 2
11 102 2
19 132 8
117 190 4
112 120 7
11 31 7
4 189 8
11 190 7
100 149 4
29 132 2
47 163 8
41 158 10
37 112 6
112 124 5
100 159 5
7 192 3
17 158 6
100 186 6
31 173 7
2 101 4
88 170 6
123 155 8
128 154 4
99 155 10
12 65 5
38 91 5
17 157 9
13 131 9
36 147 7
54 69 1
35 51 8
37 146 8
39 79 9
3 118 6
36 175 2
121 179 2
63 109 6
114 154 5
178 192 10
26 93 1
88 102 8
111 161 4
15 64 8
15 88 6
45 172 5
3 22 6
14 150 8
16 150 7
2 145 6
46 98 9
154 187 1
102 160 2
126 153 6
93 106 9
94 188 6
142 197 9
86 176 4
64 76 5
34 138 1
109 159 9
170 178 7
29 106 5
65 71 4
186 189 4
35 42 7
33 175 8
94 169 6
76 193 4
108 138 5
16 93 6
17 198 10
136 150 6
41 66 5
23 72 7
98 188 5
19 41 2
163 164 1
16 60 10
64 95 10
68 122 9
55 190 9
157 191 9
67 86 6
8 135 9
71 74 5
171 179 1
89 168 5
53 75 7
116 138 1
5 87 3
130 173 8
34 115 1
142 161 10
131 153 8
117 156 2
35 187 8
117 181 6
33 72 6
2 43 3
54 169 4
65 200 4
23 162 8
37 81 1
9 38 2
137 141 8
98 100 5
57 152 6
126 193 8
73 112 3
16 119 6
101 144 9
90 157 3
69 78 1
27 109 1
79 84 9
64 96 7
104 157 8
102 161 6
7 152 7
89 129 6
117 118 4
93 138 4
48 75 10
21 107 2
70 125 8
99 110 3
10 177 1
112 162 6
140 175 3
51 139 8
113 149 10
101 111 10
149 192 8
107 189 3
51 148 5
92 113 9
54 164 5
93 152 4
6 96 8
119 154 10
24 25 6
34 195 4
51 169 1
151 158 6
70 105 2
164 168 6
29 62 3
65 87 5
20 54 10
6 102 6
36 195 4
84 145 9
114 140 3
12 63 7
7 163 6
180 188 5
59 128 3
44 126 3
149 160 7
24 181 9
76 149 9
110 123 8
46 161 10
28 57 3
18 56 10
102 127 4
75 183 2
44 115 4
64 192 4
16 196 7
27 117 7
83 136 6
54 159 5
135 148 2
2 96 6
189 192 6
23 59 3
42 59 6
142 162 6
47 86 7
30 86 9
31 64 6
117 174 5
85 168 3
35 196 8
6 20 3
72 178 1
157 162 9
65 168 4
27 141 9
10 73 1
62 154 6
32 62 9
75 189 1
27 175 3
11 64 1
137 167 8
64 109 9
125 129 4
193 200 4
36 91 2
76 109 5
41 42 9
36 145 10
71 189 10
136 187 10
54 119 6
60 69 1
31 147 9
26 33 7
33 70 2
109 153 10
118 184 5
161 171 2
35 132 10
155 193 6
142 178 10
74 91 8
158 168 2
29 78 7
8 131 1
4 35 4
156 162 2
4 14 1
83 158 5
35 83 7
13 77 8
45 56 5
142 149 10
88 152 10
154 155 3
30 171 9
6 200 7
118 200 2
84 164 7
8 173 6
63 75 7
16 103 1
133 152 5
62 79 4
11 51 3
49 177 6
121 129 4
1 36 5
77 122 9
92 147 9
80 135 2
53 77 3
40 140 10
11 145 4
67 113 2
21 132 2
89 104 10
95 188 8
98 198 6
121 125 3
60 125 10
111 127 10
44 135 10
9 110 7
4 110 7
57 135 8
101 128 10
58 181 3
84 92 4
150 156 1
115 141 1
88 151 1
40 141 5
36 87 5
58 180 9
5 32 10
168 175 4
153 180 10
72 129 7
87 108 8
42 56 3
24 92 9
160 164 6
122 195 1
15 58 5
78 94 7
64 88 3
85 182 10
136 155 10
24 79 8
54 72 7
32 129 10
37 89 2
41 200 4
53 78 9
47 123 7
105 179 3
7 24 1
108 171 4
76 137 5
141 190 5
50 157 8
86 129 10
57 99 10
64 89 3
7 181 7
10 109 1
50 119 6
65 109 2
22 113 4
134 161 8
11 147 5
121 192 1
33 162 10
7 156 7
61 119 8
127 172 9
67 133 2
76 140 2
49 181 10
111 173 6
123 165 5
39 143 3
149 189 5
125 178 8
20 94 6
48 179 8
72 141 5
1 97 5
72 124 4
12 78 4
19 123 10
34 86 3
23 26 9
24 107 7
8 79 5
56 82 3
2 111 1
39 40 2
14 27 9
3 116 4
71 183 9
14 106 3
135 159 4
71 153 2
165 171 6
18 157 10
6 42 1
25 168 1
71 181 5
73 157 1
24 78 6
106 124 8
65 162 6
35 123 7
40 187 3
69 177 4
57 115 1
172 198 4
56 158 6
143 168 7
3 172 4
53 193 7
65 118 3
165 196 8
92 171 6
39 95 7
95 160 6
9 42 1
107 199 2
34 51 9
49 195 7
63 177 6
59 134 3
59 122 1
33 150 4
56 80 2
155 161 6
8 177 3
13 164 9
47 55 5
85 102 1
76 117 1
31 116 6
36 200 6
39 81 2
110 177 5
143 155 2
1 80 5
46 72 10
74 164 5
13 158 4
20 161 9
157 189 2
26 61 9
118 155 7
15 97 9
14 104 10
71 93 6
61 102 1
31 125 3
15 157 8
10 42 2
26 120 1
61 121 1
58 94 6
62 83 7
32 166 9
19 61 3
88 112 7
100 169 6
64 171 7
47 190 4
13 108 6
102 190 9
149 153 10
13 168 10
194 199 1
81 160 10
70 196 5
93 98 8
58 103 2
91 102 3
69 93 3
12 175 4
42 198 4
76 145 7
102 175 5
90 104 7
51 120 9
11 121 8
133 199 8
48 63 7
145 152 8
44 69 5
72 158 7
17 188 8
80 181 5
3 119 1
153 166 8
77 197 7
54 165 4
41 110 2
46 150 4
131 171 2
56 152 2
9 171 3
124 185 6
57 80 1
39 50 3
62 174 6
155 196 4
22 79 1
31 48 2
105 143 4
85 149 1
54 168 8
145 180 10
74 100 5
26 108 9
48 61 1
178 184 9
136 160 1
131 161 9
7 178 7
18 20 3
37 173 7
8 196 4
83 98 2
97 116 5
178 196 9
41 184 10
28 127 8
92 125 1
93 195 2
171 173 9
73 83 3
49 189 7
40 44 4
81 133 6
45 148 2
136 184 7
6 167 10
136 190 5
85 146 3
14 118 6
33 127 6
43 62 1
28 130 1
36 197 8
96 123 3
58 145 5
60 175 6
104 166 1
137 174 5
162 165 3
88 127 2
100 162 8
87 192 1
55 128 9
51 170 1
47 95 2
1 168 8
155 195 7
104 162 5
107 122 4
164 166 8
71 119 9
93 197 4
59 80 8
176 195 2
116 199 7
43 121 10
71 168 9
88 192 10
96 104 3
90 164 2
100 132 3
99 154 9
89 143 10
4 140 8
68 167 9
124 183 8
29 121 2
48 88 10
27 102 9
60 184 3
110 166 1
72 192 5
163 176 5
32 188 4
17 28 2
20 34 6
91 181 4
43 194 1
58 85 4
53 183 5
105 150 5
142 174 10
132 173 6
22 53 10
100 180 9
11 76 8
27 71 4
19 105 9
125 180 6
14 28 6
17 194 7
39 174 3
32 75 5
3 61 8
9 102 2
112 198 6
62 92 9
23 57 2
75 84 4
15 173 1
66 97 10
59 79 1
62 69 1
112 136 3
72 166 4
109 118 5
148 182 1
3 123 9
134 172 9
94 156 5
103 187 1
82 196 6
24 161 8
18 129 3
99 181 7
92 166 9
158 173 2
34 194 4
30 175 8
45 88 9
106 108 7
27 34 10
164 171 8
95 146 7
53 163 6
40 142 1
20 69 7
142 181 1
78 185 5
131 132 7
63 78 9
145 154 10
55 93 6
122 162 1
27 64 2
95 181 2
34 159 10
68 144 9
49 126 9
112 156 3
39 101 2
17 18 5
100 157 1
88 114 8
58 96 8
126 154 4
183 188 1
58 174 5
135 142 10
106 198 1
25 144 7
62 64 5
10 170 3
139 144 5
14 46 8
43 49 1
30 123 9
89 125 9
39 44 4
77 136 5
89 159 10
89 198 8
11 33 10
64 157 8
30 45 3
44 122 7
99 152 5
169 186 10
48 137 1
25 165 1
19 34 7
55 166 10
16 88 8
2 33 1
13 166 9
28 59 5
118 129 10
138 185 9
103 196 10
12 151 8
47 126 1
46 179 7
65 190 2
28 171 8
66 71 9
3 16 2
78 139 2
19 108 5
50 156 9
153 191 4
5 66 4
8 187 2
45 121 1
91 195 4
83 172 9
35 113 7
131 187 10
76 130 10
161 165 4
56 95 2
74 159 9
74 167 4
64 139 5
6 172 5
48 172 2
47 114 1
44 45 2
4 80 7
90 130 9
74 107 8
160 172 6
54 191 7
1 10 9
34 62 10
25 105 7
140 193 2
77 114 3
13 59 3
16 71 4
27 38 10
103 158 4
1 127 3
183 195 10
38 101 6
10 53 10
31 99 3
12 137 8
30 137 8
106 113 8
45 120 10
163 178 7
105 127 9
24 80 1
59 146 9
77 137 1
3 67 10
24 172 1
35 101 9
106 128 2
89 99 7
61 157 3
55 152 4
79 80 6
32 120 7
5 127 4
55 84 9
107 145 10
53 148 2
62 169 8
22 159 7
81 181 10
120 199 2
131 186 7
82 188 3
83 193 9
30 89 4
22 52 10
146 155 6
36 113 5
90 133 6
83 101 9
96 152 3
16 80 7
62 184 9
21 198 9
30 96 5
87 114 4
1 105 6
27 154 7
85 136 5
10 199 5
91 200 5
129 131 1
9 138 8
7 68 7
134 148 1
2 7 1
19 38 10
55 82 8
112 126 7
52 195 7
89 178 1
111 171 1
133 155 8
69 99 9
39 41 8
93 188 8
93 135 9
92 172 6
37 155 1
18 86 1
33 87 9
29 123 2
12 163 4
45 47 7
29 170 3
16 195 2
124 177 7
174 193 10
40 199 1
53 170 9
141 149 1
54 82 1
60 119 9
151 191 3
5 88 3
2 59 4
21 77 8
94 173 6
89 113 3
31 184 5
19 110 3
95 98 6
108 116 8
34 157 4
64 174 10
70 169 6
140 148 2
156 176 8
20 177 3
105 166 9
76 168 5
87 132 5
14 111 10
87 117 3
64 84 6
121 123 1
136 145 2
46 91 4
94 135 4
57 122 1
151 179 4
43 177 6
56 59 6
4 188 8
39 133 5
67 137 7
147 183 2
33 39 10
42 68 8
36 120 4
89 150 7
139 178 10
96 133 4
17 164 5
21 34 6
25 95 1
9 139 3
20 130 1
34 155 3
160 175 7
24 48 6
16 39 6
104 155 3
50 135 9
139 183 1
44 147 8
97 112 1
130 159 7
145 184 7
107 197 6
28 58 4
119 174 4
79 125 3
99 106 7
54 81 2
16 22 2
95 189 7
15 25 7
83 109 6
11 164 7
138 146 6
77 155 2
31 88 4
98 119 1
93 199 4
76 112 9
104 123 1
4 43 7
140 162 8
8 197 2
143 165 10
66 139 10
65 150 7
13 118 1
129 142 4
33 171 8
61 88 7
131 173 4
142 152 5
74 126 4
61 112 4
34 111 8
47 132 2
140 154 8
87 161 7
8 186 10
84 124 2
60 150 5
43 53 9
79 115 10
24 84 10
50 101 3
95 155 2
102 135 7
119 148 6
44 174 1
142 167 7
43 101 8
47 52 6
182 192 3
53 180 7
33 56 7
38 159 4
31 69 6
149 168 2
101 142 1
70 176 1
138 153 8
64 184 10
3 41 3
147 173 6
156 173 3
87 193 5
16 177 1
73 152 7
22 133 5
128 146 6
7 109 7
28 50 6
169 184 4
118 149 2
11 123 3
10 196 10
108 174 3
111 200 3
1 3 4
13 43 3
58 140 2
167 183 7
128 133 1
20 118 2
98 172 8
78 150 1
100 138 8
38 55 10
8 67 3
27 52 9
23 126 4
6 178 4
86 92 2
67 74 3
99 138 5
31 61 6
30 136 6
158 189 1
40 85 8
75 116 6
39 82 10
167 197 5
69 195 4
34 64 6
117 140 6
35 110 1
37 97 6
49 73 8
46 187 7
112 200 9
61 160 8
6 95 4
36 192 3
45 150 3
44 156 4
132 169 7
6 57 7
3 146 5
87 95 3
37 83 1
53 74 4
69 155 4
13 171 2
45 182 9
86 87 3
61 118 1
19 79 6
9 107 8
14 31 3
8 51 6
22 200 6
32 97 9
87 185 5
1 198 6
95 161 4
60 160 6
26 44 9
40 159 4
44 105 9
38 123 8
22 121 1
23 119 10
54 66 10
77 82 2
79 116 2
114 196 8
67 72 8
7 143 10
134 183 3
46 128 3
4 62 3
149 179 4
114 177 7
94 95 1
126 163 8
125 148 5
43 110 7
21 56 9
80 188 6
24 185 2
20 142 7
78 137 1
167 181 6
82 145 7
8 174 9
17 148 3
33 187 3
4 161 1
6 84 9
99 163 5
99 193 8
76 80 10
85 135 9
158 180 5
28 193 1
83 190 2
64 70 10
182 199 10
16 109 1
9 96 5
2 6 10
145 192 6
23 101 4
27 161 5
20 101 10
107 191 7
124 170 5
94 99 10
117 171 4
172 177 10
71 127 8
116 179 2
48 104 4
90 172 2
95 110 9
1 81 6
83 118 7
4 85 5
94 151 10
40 52 5
51 171 9
3 192 8
67 83 4
4 152 10
4 185 1
36 171 8
54 94 4
11 69 2
98 143 6
9 50 4
139 187 7
31 133 10
118 164 1
22 60 10
133 170 6
90 137 8
81 88 3
108 158 7
81 82 10
12 165 10
55 156 8
12 77 3
81 185 6
35 174 5
5 93 2
69 136 3
53 124 9
33 163 2
32 195 8
6 52 8
15 152 6
45 167 3
58 159 1
54 152 6
54 153 4
103 110 1
145 151 3
25 160 1
128 192 3
15 183 5
36 53 9
82 139 4
54 101 2
80 83 4
9 43 6
21 110 4
129 165 5
108 136 3
113 193 10
40 103 3
12 176 3
117 125 1
141 172 1
3 187 3
65 191 4
118 176 1
102 107 5
19 165 5
113 146 9
89 147 10
15 171 4
23 108 6
93 99 5
66 138 9
29 126 8
43 188 7
75 175 1
133 171 3
157 158 7
16 57 2
4 68 5
153 161 10
27 146 5
41 162 9
103 156 7
32 72 6
83 197 1
21 150 4
78 196 3
53 135 10
80 121 10
46 125 2
76 185 3
25 148 6
151 196 3
103 154 9
185 197 1
21 160 9
11 87 1
12 174 6
42 162 10
32 58 5
47 196 4
176 199 9
34 74 4
18 46 5
151 163 1
95 112 2
69 105 1
73 99 1
13 47 8
155 166 2
5 96 7
1 123 1
45 184 6
16 178 8
28 71 2
50 100 4
130 157 7
124 149 3
44 161 9
28 79 6
80 189 10
38 147 1
102 172 3
61 166 2
84 115 9
109 168 9
10 25 6
78 178 4
50 140 5
76 100 5
40 79 4
13 78 5
29 96 6
24 67 3
9 65 4
135 194 10
81 190 5
70 87 5
25 60 7
52 106 6
90 180 7
36 185 7
32 91 8
48 193 10
37 99 5
78 113 4
57 189 1
7 110 1
153 190 3
153 175 10
6 177 5
106 134 5
140 173 6
49 104 2
97 198 9
5 51 8
56 148 6
102 196 5
30 95 9
28 187 6
178 199 4
3 20 5
32 172 5
50 154 6
111 113 2
103 185 6
6 119 4
104 182 10
39 77 6
146 153 1
51 126 9
77 195 4
56 101 9
116 160 4
1 42 4
117 134 4
85 189 6
72 194 8
38 130 10
96 130 8
97 152 9
2 183 6
34 162 1
129 132 5
6 160 7
104 124 6
36 160 8
69 85 3
40 65 5
141 146 4
10 187 9
26 91 5
132 199 2
28 84 10
104 140 10
98 124 5
5 38 7
95 194 2
67 121 7
54 196 10
62 75 10
53 104 8
36 50 4
41 175 9
2 129 10
97 115 8
11 142 8
103 200 8
93 143 1
25 143 6
136 158 8
41 154 2
6 88 1
46 89 3
10 198 2
93 176 4
44 171 1
173 185 6
52 75 8
11 134 5
26 172 5
162 176 9
27 91 8
54 166 5
105 191 6
167 200 8
55 99 5
152 186 2
64 164 9
112 191 10
23 38 6
161 192 7
81 90 4
21 180 1
60 158 5
54 132 8
12 183 10
73 172 5
88 183 9
97 100 7
50 162 3
59 72 8
119 190 1
63 68 1
121 175 9
132 174 2
33 35 9
130 200 3
19 166 6
160 179 10
153 182 7
59 166 1
86 131 4
13 138 8
120 178 10
9 156 8
90 101 5
16 183 7
21 59 10
15 172 2
70 109 2
23 191 6
166 173 8
65 146 1
36 97 1
23 56 1
86 149 9
17 93 5
58 115 4
42 143 4
94 144 10
36 111 3
141 175 9
26 190 2
37 198 8
76 119 8
36 114 9
86 175 4
58 92 9
146 165 4
32 124 2
79 122 3
22 187 1
83 161 5
53 61 8
20 135 3
129 197 7
101 108 9
8 133 3
73 144 10
10 85 10
6 66 6
93 116 3
132 147 8
85 154 7
122 199 10
80 103 10
123 179 8
45 90 7
57 88 5
72 169 4
93 129 6
54 141 7
66 182 9
17 154 3
25 183 7
71 152 10
6 27 5
71 84 8
49 164 9
90 198 4
13 67 8
15 160 10
173 181 8
15 55 7
21 169 9
62 104 4
6 187 7
46 90 9
23 174 3
160 178 1
69 164 5
88 110 1
23 95 1
99 134 9
53 172 10
115 179 3
101 187 10
104 129 9
168 191 10
151 193 1
31 111 5
10 158 2
55 72 5
38 167 4
5 173 9
131 181 6
19 64 4
182 188 6
37 105 2
19 184 5
113 168 5
45 140 7
47 120 1
140 163 5
18 182 1
20 32 5
29 122 4
44 130 9
105 121 1
36 89 1
125 199 10
66 129 2
99 160 4
17 72 8
19 171 9
87 144 3
164 199 3
83 192 3
96 175 1
62 101 8
11 146 2
16 164 1
117 188 7
18 73 3
12 114 4
1 111 9
19 147 2
125 147 6
133 142 8
22 170 2
60 123 7
7 126 8
55 155 3
139 198 1
43 183 4
41 142 4
24 100 4
123 128 10
107 173 4
48 84 8
86 166 1
96 125 1
46 57 7
8 21 2
83 165 3
102 191 5
122 146 9
137 195 7
8 88 4
63 84 10
45 158 9
18 171 2
73 107 3
16 189 6
147 191 2
105 197 5
41 59 1
45 111 4
101 197 9
30 169 3
52 175 8
17 182 7
81 195 9
21 66 2
78 160 8
88 138 5
184 196 1
26 179 2
1 190 3
70 93 2
65 105 4
42 195 7
150 174 9
98 110 6
121 193 1
163 167 8
13 130 3
84 173 3
39 197 2
27 136 10
79 103 1
1 152 6
84 162 6
11 139 9
99 124 4
58 95 2
2 28 2
96 164 3
163 182 7
32 157 3
14 112 8
8 105 9
104 192 1
33 84 6
75 96 9
75 173 8
139 193 7
147 200 10
139 154 10
20 185 7
73 127 5
17 125 8
67 80 10
42 89 5
26 152 4
46 183 4
21 58 3
14 107 6
80 148 2
37 69 8
71 120 8
80 150 2
107 196 8
51 152 2
174 196 6
94 171 7
127 199 4
114 167 9
46 69 6
44 198 2
69 108 9
27 103 2
1 189 4
60 153 3
45 169 9
42 117 9
59 180 9
193 199 3
40 194 6
11 117 8
109 114 8
57 83 1
1 17 4
134 138 10
65 121 3
12 111 1
63 94 7
23 60 3
96 187 8
110 153 10
130 178 5
44 110 8
86 114 10
41 156 5
43 108 7
128 176 4
84 190 2
104 117 3
26 86 3
94 187 4
49 64 6
9 81 8
114 155 4
108 197 7
13 139 2
28 115 1
120 124 3
77 163 2
26 160 4
31 85 8
21 93 5
92 119 10
28 192 2
62 170 9
3 83 5
32 179 10
37 171 9
11 68 10
82 86 7
96 183 5
70 119 1
27 177 5
30 47 2
87 184 8
58 86 4
81 140 3
83 135 10
87 188 3
32 50 6
106 107 6
51 108 4
104 180 5
68 110 4
132 197 1
17 53 1
113 126 1
63 142 3
14 84 10
132 159 7
187 196 8
124 126 9
79 183 10
13 30 10
139 152 10
104 126 1
23 34 10
101 194 9
3 45 4
96 121 8
110 184 4
36 79 6
120 137 7
122 143 10
81 112 6
63 87 3
29 155 5
4 173 8
23 158 7
21 130 10
38 63 6
47 104 7
119 162 5
84 199 5
40 92 4
57 108 9
93 198 1
63 125 8
91 108 1
42 57 4
170 190 6
81 148 5
66 91 9
101 183 9
71 196 5
77 164 6
101 171 2
114 200 8
157 196 7
63 121 1
144 182 8
18 188 10
111 188 5
43 94 5
85 95 2
44 165 8
179 199 8
94 175 5
143 171 6
62 182 10
105 159 10
15 177 7
5 89 5
109 184 7
125 131 6
63 171 4
121 157 2
32 142 5
78 170 1
7 49 6
135 138 5
81 108 5
39 76 3
15 70 2
44 170 9
79 153 3
12 185 2
126 185 9
35 127 9
72 127 2
26 178 4
8 194 9
123 156 10
76 81 9
17 116 6
65 196 2
94 154 1
74 129 8
113 120 1
22 44 2
149 162 3
2 31 7
64 130 8
109 144 9
120 151 1
23 44 1
28 189 10
14 115 2
164 195 5
29 162 7
54 77 6
168 180 8
75 103 2
73 174 4
118 150 3
47 178 8
77 145 5
195 198 3
55 135 3
12 39 2
35 41 9
21 68 3
43 172 8
53 169 7
155 172 1
97 117 9
117 196 1
84 129 5
37 79 3
64 126 2
64 199 2
99 139 5
4 6 1
93 108 9
26 41 3
39 138 5
16 122 1
112 152 5
184 190 10
46 180 6
106 144 3
123 174 4
19 200 5
6 114 1
127 192 9
53 68 1
23 188 10
26 48 8
120 179 10
17 114 5
25 194 9
84 150 1
53 112 6
120 166 2
1 11 1
9 186 8
105 116 7
157 178 3
118 125 3
115 195 1
2 89 5
13 190 5
44 52 3
157 176 10
57 102 4
26 155 2
134 171 7
28 113 10
16 157 4
102 159 2
145 198 3
78 115 6
12 154 10
121 158 8
119 129 8
101 191 9
24 182 4
61 90 5
34 197 2
85 150 1
31 160 8
1 150 1
14 41 1
110 192 10
20 38 7
112 168 10
125 140 1
35 46 1
29 66 9
1 100 1
58 110 5
1 195 5
41 122 9
79 181 9
11 78 8
51 106 1
54 57 2
70 97 6
108 144 8
122 163 7
37 40 6
6 134 1
37 86 2
19 71 4
49 145 2
66 169 7
15 164 8
46 170 9
40 192 3
88 147 8
34 120 3
5 144 8
15 21 10
6 8 9
9 78 9
84 96 9
97 199 7
74 97 4
94 161 9
106 137 5
4 20 10
21 25 6
1 103 9
38 139 1
32 84 2
4 163 9
113 169 3
168 185 9
128 191 2
54 100 7
159 189 6
64 149 10
97 122 6
32 158 2
17 64 7
25 133 2
51 73 8
11 53 3
125 175 9
39 120 6
186 191 3
63 71 7
24 81 2
69 192 5
133 153 5
63 64 1
120 168 5
21 186 7
1 90 1
122 156 10
114 120 3
86 99 10
155 194 6
7 144 5
72 182 3
120 171 4
112 148 10
171 200 6
71 173 7
24 129 6
36 88 9
39 84 10
71 177 4
59 127 8
139 180 8
11 196 1
49 182 5
51 129 10
123 183 4
121 181 6
47 94 6
20 37 10
41 86 5
14 74 4
21 33 8
141 143 2
4 28 5
27 107 6
34 148 3
149 196 5
61 78 2
76 92 4
13 25 3
111 138 9
108 125 2
21 30 5
34 181 3
29 178 5
12 20 10
73 186 1
90 132 5
3 13 7
40 145 8
85 118 7
66 183 6
103 123 10
84 127 1
160 162 9
33 41 5
73 76 2
52 141 1
21 79 7
96 100 10
85 156 8
63 113 3
112 175 5
118 189 6
1 146 9
124 128 9
37 181 6
68 82 1
79 189 7
60 98 3
104 181 10
119 145 1
128 187 10
165 175 8
87 138 10
36 51 5
155 160 6
64 81 1
89 140 10
115 124 3
45 78 7
86 117 1
82 167 6
17 35 10
107 113 7
142 195 5
6 24 5
21 189 7
64 115 6
75 124 1
73 137 5
18 130 1
21 194 9
69 178 7
122 125 1
97 145 9
17 42 7
29 35 4
97 196 7
51 167 3
32 94 7
50 112 9
95 123 7
28 156 8
68 96 6
18 120 8
58 82 4
38 108 1
26 105 3
3 18 7
45 94 10
95 105 7
81 95 7
124 130 4
5 45 2
30 90 1
111 150 10
12 158 5
3 194 1
95 145 6
91 138 6
3 68 1
26 98 3
114 145 2
170 171 5
76 136 2
54 108 8
33 136 6
60 101 6
77 88 2
16 186 7
98 155 1
89 162 10
51 52 1
14 53 9
65 169 2
113 143 8
56 106 2
74 136 4
102 152 9
88 134 8
99 100 1
63 72 6
47 48 1
57 136 10
123 147 7
85 195 9
68 134 5
106 160 1
25 152 1
27 187 4
78 132 6
54 71 4
49 162 3
30 112 3
54 174 1
93 144 1
66 155 4
140 195 10
48 112 6
20 61 7
5 180 4
70 76 4
124 147 7
104 156 2
107 132 1
8 132 1
18 57 9
80 177 3
132 175 4
52 114 7
51 127 2
32 196 4
108 130 2
73 173 3
33 63 9
44 98 9
8 28 5
144 187 5
10 188 9
106 184 10
23 138 6
77 133 6
2 32 1
127 144 6
14 100 4
34 199 2
8 75 9
95 168 2
181 186 7
130 164 5
5 73 4
48 125 8
16 173 2
132 134 8
93 102 4
45 178 9
12 24 8
99 149 6
21 44 3
78 153 5
103 190 2
54 123 7
43 52 5
116 184 4
9 74 8
3 10 4
3 160 8
107 148 8
107 166 2
82 102 7
30 144 6
48 171 7
135 193 5
29 108 5
25 140 9
11 41 10
43 151 10
34 129 4
8 25 1
42 46 4
33 94 1
35 68 8
63 199 7
38 186 5
17 200 3
20 113 4
102 180 2
30 179 6
57 91 9
52 184 4
53 94 6
9 170 5
3 82 10
164 198 8
144 152 4
8 167 6
30 100 4
54 64 6
12 145 10
106 185 8
124 186 10
100 147 2
137 143 10
121 178 2
25 66 9
140 179 9
81 158 9
65 173 3
70 155 7
23 71 10
20 169 9
109 133 7
89 160 10
109 123 3
30 198 7
5 33 2
74 115 10
106 163 7
46 174 4
73 198 6
126 155 8
156 177 3
52 178 2
70 98 2
56 126 8
38 135 1
122 177 3
58 63 2
63 160 3
87 91 4
168 183 5
157 174 9
29 188 9
84 97 6
8 123 9
44 191 8
64 128 4
4 153 9
1 194 5
87 137 10
122 145 9
33 73 9
31 100 8
107 176 3
26 34 5
55 129 7
73 116 4
105 160 2
15 186 9
130 156 10
72 92 6
175 180 7
136 176 3
14 195 5
153 200 8
30 120 9
139 163 4
18 186 8
48 59 10
101 145 9
15 104 8
52 55 8
80 193 5
105 183 1
71 156 5
2 54 5
28 131 4
155 158 10
129 192 1
113 147 2
50 143 5
66 127 7
78 187 4
113 134 9
81 92 9
47 192 4
130 195 10
19 191 5
9 199 8
36 191 4
128 158 4
30 76 7
4 184 2
42 63 7
45 176 6
29 38 1
66 86 5
34 124 4
78 109 5
22 37 8
16 134 6
58 116 8
146 163 8
49 61 2
105 114 4
69 125 8
103 179 9
15 156 3
49 76 7
32 185 1
151 155 2
93 95 8
29 152 5
10 106 1
101 185 9
119 196 2
148 153 3
119 182 1
75 179 6
72 125 6
14 172 2
41 69 8
175 177 7
11 27 9
109 142 3
107 168 5
93 130 2
37 169 1
19 117 3
81 105 9
134 197 10
33 145 1
104 148 4
33 108 2
38 94 1
2 158 10
121 186 7
91 145 2
72 187 3
134 159 1
34 146 9
157 175 6
75 156 9
30 183 3
60 118 7
127 149 4
90 147 10
40 54 1
26 32 5
45 105 1
74 88 3
81 119 6
2 128 1
3 91 5
86 174 6
38 146 9
94 157 4
89 181 6
61 74 7
90 146 7
10 52 2
57 93 1
100 199 6
76 146 10
109 187 8
81 99 10
87 118 8
137 152 2
32 168 7
43 164 3
70 71 6
77 166 2
46 143 8
137 178 3
126 181 10
53 102 4
164 180 9
59 144 9
58 177 6
25 199 7
36 72 3
60 75 1
22 76 2
120 138 3
43 150 8
11 52 9
63 200 4
11 128 8
20 189 6
22 145 1
66 142 10
52 121 9
81 177 3
43 44 7
101 109 2
106 148 3
6 60 2
182 195 8
135 196 2
2 13 10
23 32 5
52 160 4
3 185 2
21 156 8
13 134 10
160 176 3
6 107 7
42 48 2
79 92 2
34 193 2
70 147 3
75 182 4
26 174 7
26 94 7
56 197 4
25 93 5
55 113 5
138 161 10
114 173 4
79 149 4
100 110 4
78 86 2
32 114 10
17 86 6
54 151 3
16 36 10
106 142 7
83 138 10
2 167 9
122 180 4
124 178 8
56 66 10
15 71 8
20 45 4
80 133 7
5 177 9
51 157 8
61 91 2
13 153 4
68 98 9
132 182 6
39 52 4
50 124 2
139 156 6
106 143 5
40 133 7
3 147 6
31 74 3
47 58 8
77 123 4
129 140 6
28 95 3
53 155 8
2 112 2
149 155 8
20 174 7
53 82 9
69 186 2
9 196 4
12 164 4
69 196 9
16 142 8
109 157 4
150 192 6
1 162 6
52 77 2
11 85 2
41 106 8
71 78 5
32 189 7
176 192 10
34 49 5
8 178 1
26 29 5
19 21 10
78 158 1
19 88 8
51 79 1
39 156 9
34 72 7
59 77 9
122 200 6
27 168 4
23 70 3
129 185 2
88 150 6
1 79 8
171 184 7
113 189 1
79 118 8
66 137 9
129 150 5
45 194 2
41 164 4
78 145 2
17 24 6
76 135 5
138 159 10
133 197 8
50 87 7
110 129 7
86 157 2
132 200 3
78 156 2
39 83 2
98 107 5
100 172 8
128 178 10
17 132 8
108 196 6
61 151 8
17 144 4
139 182 6
4 33 7
51 142 9
41 152 10
68 146 4
29 156 5
19 69 10
174 176 5
10 131 9
26 151 10
141 189 1
97 135 2
49 167 8
44 102 6
58 143 1
43 189 3
42 164 1
79 185 6
54 127 6
79 162 7
47 171 1
6 58 7
3 59 3
53 109 5
5 140 2
83 119 3
61 175 10
127 148 2
56 190 6
47 195 10
23 117 4
43 173 10
16 28 7
41 196 6
126 134 9
8 172 4
102 104 8
68 80 2
70 78 6
6 53 6
66 89 4
60 76 5
19 45 3
14 117 1
46 117 6
24 93 9
97 120 9
29 125 9
121 195 7
61 139 8
23 105 3
63 92 1
89 133 3
57 60 1
27 28 3
156 161 1
30 32 1
116 147 8
31 101 9
25 107 10
4 169 1
143 192 8
54 97 9
120 136 2
61 172 5
2 122 3
9 178 6
115 130 4
9 113 9
111 186 2
31 126 8
75 199 3
16 63 7
50 59 5
113 175 5
55 144 2
121 180 1
80 129 4
55 140 10
111 143 7
10 90 5
174 186 2
59 186 6
71 176 3
21 81 9
33 57 8
5 52 1
22 195 7
4 77 4
54 107 9
120 148 5
23 85 6
45 122 1
34 179 8
87 155 4
6 76 4
50 191 2
110 180 10
106 122 5
137 161 7
126 150 4
43 112 7
174 191 9
130 162 9
98 130 6
79 108 10
42 79 8
16 111 7
135 179 8
15 119 8
34 136 5
78 85 3
44 148 1
103 107 2
67 120 1
50 96 1
28 106 6
58 192 7
15 141 4
178 189 9
10 55 2
73 97 3
27 131 2
35 150 5
45 65 6
2 82 6
92 123 6
31 115 3
50 67 4
145 181 4
40 160 3
4 97 2
156 195 6
70 192 10
25 156 10
24 147 7
140 153 3
57 97 8
84 196 10
8 32 4
79 163 3
26 198 1
78 179 6
168 173 3
114 134 4
48 91 6
43 131 1
12 28 4
98 183 1
148 163 3
72 139 5
150 169 1
56 161 2
87 125 1
38 151 7
92 185 6
27 74 4
43 73 5
70 200 7
21 155 6
1 143 10
1 4 4
32 153 4
44 192 7
138 176 3
151 178 3
40 113 10
18 126 3
11 186 2
67 82 1
38 65 8
91 117 6
154 191 8
30 35 8
68 135 3
137 182 10
177 180 5
69 162 5
6 183 8
21 103 5
20 111 3
111 130 2
108 172 3
73 88 3
10 116 4
51 84 3
10 74 1
39 106 5
127 196 4
74 112 6
52 153 9
91 125 1
10 30 7
92 105 2
152 153 1
100 156 5
93 147 5
6 182 9
4 116 8
35 61 8
37 120 4
48 200 8
78 161 6
45 193 10
1 112 10
43 88 7
69 156 1
23 184 2
150 175 10
56 165 6
51 153 10
22 193 5
91 103 4
5 176 6
23 73 9
105 144 4
52 78 4
35 171 3
62 76 7
46 49 7
17 141 7
138 172 1
161 187 4
59 121 5
115 159 8
87 168 3
31 122 9
42 114 10
17 155 8
131 178 3
45 132 10
36 193 7
144 157 10
13 170 7
98 190 5
19 75 1
95 108 9
10 96 10
42 135 5
49 67 2
108 127 5
33 197 5
74 101 7
159 183 4
96 170 3
37 157 6
35 44 2
73 94 10
41 61 8
63 138 4
122 186 10
96 191 4
79 137 6
34 170 1
24 27 2
107 151 5
99 179 2
3 5 2
36 110 10
136 137 9
63 159 2
118 151 10
25 98 8
124 192 4
18 158 3
41 187 2
160 165 2
117 183 9
155 186 4
75 137 6
36 73 1
24 85 7
134 154 4
11 111 9
62 99 5
2 35 8
83 105 5
8 117 1
48 85 8
5 36 6
7 41 1
56 100 9
50 188 2
47 97 6
148 160 1
25 123 2
35 63 9
20 149 4
37 54 5
60 91 4
55 186 9
30 93 7
8 43 2
49 193 9
7 162 2
129 174 3
21 136 4
3 78 8
105 128 4
45 157 5
27 151 4
40 60 1
50 171 6
12 35 3
5 125 5
82 123 7
87 121 8
120 123 9
138 152 1
144 166 3
94 184 3
4 166 4
9 152 6
19 198 8
47 146 2
137 159 9
114 149 6
53 84 2
31 193 4
97 156 2
34 182 2
74 98 8
70 83 6
19 30 6
38 73 4
44 195 10
30 180 8
68 145 9
114 172 3
138 160 8
122 159 9
33 154 8
72 82 4
53 67 5
54 105 8
124 193 4
108 112 1
2 92 5
31 110 3
21 112 8
73 93 10
21 27 2
85 121 7
114 163 9
14 55 4
12 60 3
36 61 2
15 149 9
69 142 6
40 163 9
47 101 10
31 58 5
28 120 6
4 154 8
49 194 4
50 177 10
100 165 6
32 39 9
58 72 5
3 17 9
123 150 6
26 68 8
24 176 2
92 149 2
86 107 2
95 101 6
142 198 6
59 65 5
160 186 1
13 63 9
22 92 1
27 194 3
50 133 9
116 153 4
9 150 1
84 126 8
147 172 9
20 190 4
47 65 5
108 137 9
63 163 4
60 114 9
46 169 8
82 190 2
56 109 4
35 102 4
147 162 8
9 98 3
179 192 6
88 139 8
12 53 5
4 170 6
47 138 4
8 157 2
140 170 4
45 72 7
40 55 10
90 167 5
103 198 7
22 118 6
23 49 9
91 185 7
70 140 1
128 129 4
108 186 8
33 190 5
163 174 3
151 197 7
80 162 2
74 79 7
50 91 6
84 99 9
21 28 5
91 142 9
100 196 3
140 189 1
86 133 9
12 105 2
61 71 1
66 180 7
69 106 3
123 143 1
60 105 10
23 39 7
94 146 7
5 72 7
22 167 4
77 189 9
34 121 9
11 144 9
70 136 6
99 161 4
122 174 7
122 136 9
65 80 8
117 127 1
118 171 3
83 185 6
99 125 3
20 107 2
61 111 3
67 168 3
72 91 3
141 154 1
59 107 1
40 162 2
111 187 8
175 199 4
11 155 1
2 100 1
115 154 2
61 178 4
81 142 4
5 186 2
112 174 10
141 162 10
36 81 1
68 81 1
80 98 2
153 198 7
99 147 5
47 81 8
20 160 8
2 106 7
25 63 4
70 193 1
44 78 7
80 153 8
161 193 10
1 133 9
175 188 4
13 49 3
121 140 4
71 95 5
18 44 8
11 105 1
110 121 10
20 194 7
54 121 9
87 160 10
14 132 3
50 176 1
17 113 4
104 199 1
4 59 5
165 187 10
66 161 4
59 170 10
53 120 9
87 164 3
55 68 9
137 194 10
122 151 1
17 176 7
56 57 6
101 196 9
125 171 8
73 118 3
100 150 8
79 165 3
54 117 5
50 197 4
126 178 4
104 195 7
153 192 9
111 194 10
112 150 10
43 186 8
100 122 3
32 47 2
51 199 9
51 160 10
34 109 4
25 39 3
156 171 5
63 155 6
29 114 7
63 86 6
26 35 6
10 163 4
30 85 3
126 173 6
19 112 2
73 111 6
56 189 1
56 88 3
139 145 6
19 90 6
16 135 5
72 100 1
10 140 10
31 198 10
17 156 3
11 47 1
104 154 7
111 146 2
12 84 6
96 148 5
14 174 3
23 31 3
18 196 3
16 59 6
71 117 4
60 74 5
25 170 7
82 146 9
68 195 5
115 156 1
148 170 10
173 182 2
79 200 3
158 193 5
33 88 4
175 195 1
26 153 7
126 175 7
28 76 9
29 149 2
121 176 8
102 128 5
37 102 1
125 132 3
35 82 6
105 182 6
59 67 9
57 154 5
50 60 3
11 90 6
80 174 4
94 109 6
16 98 1
8 44 9
129 194 6
174 199 6
132 149 6
72 128 1
161 178 9
42 109 1
115 131 8
39 146 5
44 75 1
49 151 9
104 131 8
7 153 5
4 145 1
66 148 10
105 167 7
55 124 5
2 3 3
80 173 9
3 23 4
74 117 8
23 151 6
20 47 9
150 157 4
96 128 1
44 81 7
14 92 10
116 151 8
48 131 2
158 178 1
90 182 7
132 146 2
109 172 1
4 91 2
143 157 3
119 140 10
84 165 9
50 111 1
1 8 9
21 78 5
43 167 9
61 140 10
72 172 6
89 123 8
174 195 5
12 109 3
94 194 2
132 179 6
22 48 2
102 197 10
2 126 10
168 190 10
123 200 2
112 188 5
23 144 5
129 130 2
67 112 1
38 96 8
44 128 5
28 149 7
71 148 4
111 164 7
5 162 1
105 110 5
6 7 10
27 156 6
3 93 10
130 187 5
44 106 4
110 125 9
105 174 2
15 42 2
60 165 9
23 125 1
120 158 2
91 167 9
55 127 1
32 36 8
81 146 7
16 76 6
138 195 6
103 166 7
135 157 5
62 149 9
180 183 9
58 68 1
71 184 9
69 143 5
109 185 8
52 183 8
13 20 1
27 44 5
30 139 5
68 166 5
57 174 1
11 58 1
35 72 9
49 66 6
98 113 10
39 171 8
51 92 3
154 173 2
2 61 7
52 167 8
12 126 7
49 53 9
50 118 2
21 193 5
109 191 1
39 58 7
33 113 8
115 171 10
62 87 6
99 169 2
36 39 1
64 123 2
7 76 7
2 137 4
60 79 3
22 109 5
62 119 6
8 134 3
64 173 5
20 21 8
123 161 3
70 189 8
21 116 7
142 179 5
68 138 7
65 153 1
24 178 6
129 175 4
56 70 4
144 178 6
177 182 8
26 99 9
33 156 9
124 195 5
150 170 8
112 117 6
34 143 4
6 136 8
47 79 8
98 121 3
157 184 3
10 161 1
39 144 3
113 159 8
154 159 1
36 144 9
8 42 3
31 148 6
59 131 9
12 22 7
10 154 9
64 78 10
2 70 9
36 162 1
54 183 1
183 199 6
175 185 8
137 187 5
119 120 7
109 134 9
11 86 8
159 178 4
8 96 8
10 166 1
38 46 5
106 165 2
31 195 5
75 170 5
59 132 6
4 191 9
34 50 9
18 103 9
10 175 9
91 154 8
1 71 1
143 166 6
147 165 10
126 133 4
35 151 6
35 56 7
15 54 7
20 66 3
132 156 3
41 141 8
66 98 10
49 137 5
47 109 5
31 34 9
43 114 9
25 49 2
75 115 3
53 100 5
166 175 4
6 124 3
130 158 10
137 164 9
7 136 4
107 169 5
89 186 1
18 180 2
106 192 2
95 148 6
136 193 2
125 161 5
39 119 4
30 81 9
150 195 10
7 67 1
77 157 10
51 133 6
12 64 10
92 144 2
46 132 1
7 75 10
100 142 9
77 112 3
100 198 6
69 187 2
84 169 5
30 182 7
157 182 7
27 95 2
149 184 9
76 196 10
74 132 8
58 179 3
21 88 2
161 164 10
158 182 8
106 162 3
93 105 9
11 151 6
73 168 3
131 163 5
83 104 7
55 123 10
84 106 6
50 95 1
22 100 10
46 147 7
43 74 2
92 126 10
12 182 4
185 199 8
58 132 4
61 62 3
104 165 2
57 132 3
167 199 3
120 190 2
28 110 3
72 120 8
12 140 6
73 132 3
96 127 3
144 168 7
85 186 2
21 109 9
37 194 10
45 131 4
111 190 8
61 138 6
49 123 8
31 33 9
6 161 1
16 62 5
46 188 7
42 76 8
100 106 9
155 176 4
107 143 9
37 162 1
25 108 5
37 163 1
51 77 1
33 189 7
29 47 2
14 116 8
39 155 8
74 168 5
89 176 2
37 55 3
3 26 9
22 105 9
6 73 4
50 102 9
32 143 2
54 148 5
153 176 4
10 195 8
102 115 2
150 152 10
27 99 4
8 19 4
111 142 5
54 189 9
132 137 3
146 193 1
2 184 5
27 142 2
52 180 8
26 171 8
25 153 7
11 26 2
1 175 8
3 7 10
91 100 4
59 110 7
149 169 5
1 157 3
56 124 5
59 183 6
102 164 8
4 179 2
125 168 1
28 40 5
41 140 7
18 62 7
38 142 1
4 9 3
60 177 1
166 179 4
75 85 2
23 92 10
100 136 3
76 154 2
5 129 1
107 194 9
118 146 5
99 156 5
154 156 4
18 49 7
118 126 4
66 84 10
83 199 7
55 160 3
57 173 9
79 197 4
38 100 10
28 53 9
73 81 9
139 174 9
143 197 4
114 189 3
63 111 8
16 171 4
69 174 7
159 187 3
187 189 3
27 150 5
14 119 6
116 118 8
116 191 6
61 105 10
116 181 1
86 112 5
67 116 8
33 79 5
152 185 6
170 193 9
51 76 2
144 198 2
17 101 8
66 78 4
82 176 4
73 171 9
39 142 2
86 136 2
7 196 9
75 165 6
105 133 4
73 89 4
51 185 9
14 82 8
5 148 2
112 182 8
29 159 10
44 172 5
47 185 1
150 183 8
43 174 10
78 98 9
158 171 3
122 198 7
59 176 10
124 162 4
108 176 1
30 118 5
5 183 4
64 178 3
58 105 6
73 84 10
175 200 10
118 196 10
2 81 10
120 192 7
68 137 9
58 149 9
119 144 8
52 99 9
178 193 7
109 195 5
35 169 9
16 181 10
58 75 3
165 193 5
3 52 2
124 184 9
52 200 3
29 104 1
14 128 1
25 157 10
103 193 5
91 151 7
91 183 7
126 179 3
97 140 7
157 190 2
29 71 6
183 196 9
78 169 9
60 130 3
36 155 4
4 120 8
72 108 1
141 158 5
53 73 4
4 7 5
95 139 3
129 184 8
99 197 6
14 154 7
79 161 2
91 171 5
20 172 5
16 85 4
9 131 8
100 111 9
72 80 9
185 192 9
108 120 6
31 124 10
90 199 1
18 132 9
49 184 2
70 113 7
56 173 9
24 58 5
9 54 2
18 143 4
160 170 5
52 189 5
98 141 10
18 67 6
77 170 4
116 131 8
10 41 7
5 12 3
15 96 4
56 72 7
59 163 4
2 196 10
124 174 10
150 191 6
108 147 5
65 184 6
34 83 3
27 174 6
124 136 9
55 137 6
67 91 6
35 149 2
58 178 2
55 61 10
2 187 4
66 73 7
70 148 2
147 150 4
23 54 10
99 194 4
56 62 3
71 194 9
40 173 3
82 140 5
71 116 10
95 120 3
85 122 5
156 193 10
103 128 10
62 197 3
39 124 4
74 148 8
56 199 9
24 108 8
99 115 10
114 142 5
149 161 1
70 101 4
64 127 3
46 70 3
33 166 2
46 165 4
108 183 9
15 67 9
25 187 10
37 95 6
30 60 5
9 173 4
28 136 1
62 108 9
133 150 6
1 153 10
103 151 8
101 156 5
2 159 2
58 81 8
9 108 4
106 133 2
68 141 7
56 111 10
46 94 2
75 82 10
11 79 6
79 87 4
96 154 2
111 170 1
28 159 1
61 77 5
59 193 5
36 157 6
124 166 9
9 93 9
97 185 1
120 189 3
69 189 1
102 173 1
22 80 5
8 58 1
58 128 10
109 147 10
94 123 8
2 118 9
25 28 8
8 97 10
177 194 10
25 88 6
69 116 6
165 172 8
2 56 5
121 160 4
86 124 7
38 110 1
49 121 9
42 194 10
85 163 6
54 181 2
6 23 9
18 151 2
170 173 8
37 48 2
66 92 4
68 151 8
79 133 7
44 190 10
12 38 5
13 179 5
63 119 4
3 159 7
14 142 5
12 74 7
128 150 7
17 170 3
30 99 5
83 144 7
27 162 1
77 162 8
19 172 2
79 151 8
28 65 1
120 198 6
59 171 4
88 91 4
26 164 8
115 198 6
36 141 10
122 176 10
129 138 10
5 113 8
122 171 7
13 180 1
84 178 8
157 172 6
115 165 4
127 200 4
105 120 9
110 115 7
89 161 6
35 182 4
129 166 8
107 167 7
14 139 10
21 173 4
8 12 6
3 138 6
8 86 10
12 57 10
53 91 5
50 196 4
58 157 8
62 151 6
83 173 4
137 154 3
67 155 4
44 67 1
81 139 7
65 155 7
93 162 3
25 181 5
138 154 3
77 160 5
35 114 7
30 75 1
45 186 1
12 152 2
18 112 7
86 194 7
94 122 7
30 43 9
40 166 9
177 178 9
6 94 4
59 95 9
52 79 3
74 83 10
82 121 1
66 74 8
44 137 10
41 102 2
83 177 3
91 160 8
35 185 3
13 145 3
28 177 6
37 71 3
41 160 5
10 104 9
13 92 3
134 176 9
12 82 6
89 97 3
134 137 6
46 127 8
122 132 1
46 73 7
2 47 10
172 193 7
48 170 3
67 147 1
58 125 9
141 167 6
102 126 2
46 87 5
2 55 9
147 175 8
11 73 1
56 118 1
61 168 7
85 100 6
7 102 8
64 80 9
29 58 8
62 162 2
86 111 7
87 115 6
1 92 1
72 113 3
56 97 9
42 196 7
146 176 10
112 196 5
14 68 6
127 153 7
6 146 2
91 146 3
28 174 10
99 105 6
72 83 8
30 106 7
82 104 4
23 78 6
126 130 1
35 189 4
54 84 3
126 184 6
18 111 1
69 123 9
48 147 4
65 113 2
109 186 4
24 74 7
122 128 1
50 166 10
115 194 1
51 59 5
45 147 1
127 195 8
36 99 4
31 39 4
13 165 3
170 197 5
36 183 6
94 97 3
74 84 9
32 33 2
94 102 2
113 188 9
84 152 8
85 142 10
117 146 4
66 143 6
86 102 5
124 152 3
19 199 3
72 200 8
56 171 2
48 71 7
82 159 1
88 143 10
86 116 8
25 182 8
37 111 1
65 92 8
2 14 2
77 91 10
55 176 10
159 199 5
10 146 8
66 83 4
43 67 3
13 83 8
149 182 3
141 153 10
6 170 9
9 53 3
131 175 2
42 107 1
14 199 9
49 166 1
154 164 9
3 27 8
66 108 7
44 164 6
53 189 5
114 188 9
116 165 8
38 154 5
44 188 8
3 29 3
140 198 3
54 147 6
9 157 6
78 175 5
142 175 7
46 114 3
40 119 9
5 39 4
5 26 1
8 30 1
3 199 3
105 184 2
38 62 10
61 97 9
144 199 4
67 163 1
11 29 3
131 170 6
62 160 10
43 125 6
19 136 7
136 146 4
49 144 9
97 134 2
106 146 9
7 187 10
149 165 10
101 136 8
31 177 5
20 157 8
69 175 2
155 163 6
63 104 4
35 148 9
51 138 9
54 149 10
45 185 5
18 64 10
71 170 4
119 132 3
30 44 4
50 82 6
15 195 2
28 77 5
42 115 8
11 71 7
19 107 2
123 193 2
48 138 1
41 52 1
73 151 10
165 176 3
92 106 9
63 174 5
67 185 9
162 175 3
131 134 2
2 91 2
6 68 6
24 164 4
1 68 2
17 25 2
139 157 7
121 136 3
40 71 5
88 186 1
20 43 4
24 105 6
2 138 10
168 182 9
74 195 3
151 152 9
20 163 8
16 129 6
137 147 2
181 189 7
2 113 2
154 165 8
64 124 1
129 147 10
23 169 9
130 153 3
142 182 10
40 180 4
37 42 5
86 109 10
83 195 6
80 198 1
39 114 1
92 162 10
57 124 1
60 178 8
42 171 1
125 183 5
27 101 2
77 120 7
21 181 5
29 57 5
133 144 7
103 168 2
41 88 5
20 50 10
42 156 10
130 155 6
8 95 5
20 165 8
1 107 7
21 35 4
75 181 5
85 199 1
113 197 2
27 108 10
58 65 3
127 143 2
34 47 5
73 145 7
21 140 2
20 35 9
123 185 9
88 168 1
35 71 6
97 175 1
56 58 3
34 88 10
50 74 9
1 102 9
2 173 2
60 180 5
65 163 6
12 124 9
42 91 5
72 118 7
73 85 1
65 88 10
36 52 9
11 161 2
1 184 6
166 168 4
8 49 6
49 81 10
135 154 2
107 112 1
93 182 10
65 102 5
149 185 6
9 77 8
2 125 3
84 140 1
61 125 4
32 65 4
20 192 2
26 135 7
141 165 7
162 180 6
28 99 10
20 153 7
41 173 8
70 195 1
51 182 7
28 150 6
45 110 3
14 160 9
69 113 1
23 163 7
21 49 6
33 144 3
79 135 2
36 47 10
66 88 7
90 155 8
28 30 5
75 120 10
23 177 1
19 176 9
157 194 2
2 22 9
18 98 2
71 80 5
88 198 4
62 72 8
41 159 9
46 194 7
124 146 3
42 166 5
45 163 3
72 109 8
159 197 2
77 116 6
60 135 10
59 88 2
93 156 2
31 118 9
31 178 6
33 97 10
79 105 6
107 161 10
35 50 5
8 69 8
57 169 4
3 183 7
131 152 7
82 111 10
117 191 1
3 170 5
19 167 8
87 128 4
161 198 9
20 148 2
121 199 9
50 106 9
55 154 8
21 197 9
44 71 2
94 100 7
4 124 2
99 113 9
75 112 7
25 154 9
91 115 3
79 192 5
36 64 2
57 112 10
91 159 1
77 153 6
43 61 5
145 199 5
31 139 2
31 200 9
52 133 3
36 92 4
42 92 1
87 162 6
110 187 8
50 113 4
100 195 4
77 107 3
33 95 2
82 199 7
10 33 6
47 145 2
29 151 3
84 158 4
105 115 2
34 112 2
15 56 1
34 198 1
43 66 7
84 103 6
4 87 7
48 167 7
16 24 7
66 119 10
49 200 4
74 198 1
97 155 5
24 33 8
18 115 7
3 32 7
78 151 8
145 179 10
41 123 4
85 132 2
12 195 10
30 133 4
5 132 6
169 172 1
86 137 5
101 122 6
87 129 2
32 107 3
140 158 2
31 159 7
155 174 7
19 162 9
138 156 10
190 194 5
85 94 3
99 101 4
14 124 8
14 176 5
88 175 9
15 132 2
125 160 10
145 156 3
20 93 8
28 169 8
28 146 8
73 106 2
93 119 9
188 195 8
67 175 9
130 161 9
92 102 8
177 186 10
120 183 3
35 60 2
91 136 2
111 189 4
6 162 8
57 196 2
46 76 3
9 12 3
51 55 7
51 111 7
117 170 1
76 115 9
37 114 7
40 84 10
50 63 1
87 152 8
139 149 1
24 37 1
85 175 9
116 139 9
151 192 1
75 81 5
58 191 5
36 163 3
51 168 5
173 178 6
23 99 1
79 140 2
48 140 6
53 125 4
17 112 5
45 159 8
62 186 4
15 78 4
186 187 8
37 61 10
103 170 4
2 155 8
44 119 3
4 112 5
34 37 5
129 144 9
37 103 2
2 189 4
84 133 4
133 181 1
11 125 3
7 185 4
18 39 8
12 161 10
39 118 7
79 164 1
93 100 5
76 133 5
111 182 7
123 141 5
66 95 9
13 27 9
7 99 3
125 166 6
40 114 6
68 125 1
53 132 2
25 112 7
29 131 8
38 178 8
1 178 2
64 188 6
84 180 3
63 165 9
73 74 10
91 174 2
10 70 3
36 63 8
100 102 2
150 179 1
174 189 7
40 76 5
21 80 7
26 74 8
66 177 9
55 145 3
40 59 4
140 143 6
152 177 9
71 164 1
40 134 9
35 90 2
91 199 4
184 197 5
86 170 10
92 154 3
24 31 5
100 124 4
174 194 8
19 73 7
73 90 6
23 58 8
170 188 2
113 160 3
6 91 8
119 130 5
43 63 5
100 167 1
101 127 2
80 149 6
23 48 7
104 189 10
11 72 6
10 34 6
65 110 3
10 65 9
52 163 1
78 99 8
184 187 4
113 132 10
142 177 7
41 82 5
74 170 7
103 117 10
37 92 4
115 164 6
98 118 6
146 149 9
6 118 6
98 140 7
69 194 10
38 137 8
27 47 10
69 167 7
33 96 3
74 169 4
9 45 7
134 151 1
22 69 10
19 49 9
23 55 3
65 179 8
71 79 8
95 179 4
23 82 3
24 183 10
50 134 1
68 88 1
28 161 9
25 114 3
73 82 9
100 128 5
58 138 10
113 173 10
107 200 9
78 126 4
69 200 5
4 105 10
49 111 10
44 101 7
50 66 10
103 150 7
72 154 9
49 128 4
37 66 9
18 70 3
43 99 3
14 183 9
24 119 10
109 162 5
60 157 6
5 50 2
7 172 5
21 73 1
69 139 1
32 42 7
4 175 9
106 126 8
12 169 1
120 155 1
111 129 3
34 96 7
145 174 10
38 169 8
111 145 7
116 176 8
34 85 4
38 83 4
53 127 1
53 87 4
95 133 7
98 184 4
100 104 4
31 182 10
89 151 3
40 45 9
21 50 5
43 123 3
121 128 4
16 105 1
68 162 5
55 172 7
8 31 3
11 177 10
7 9 2
134 162 5
48 163 9
38 109 4
54 110 7
135 184 2
14 63 8
69 107 2
2 165 10
32 131 8
52 113 6
141 144 6
166 199 5
134 185 10
159 188 7
7 42 10
118 194 3
60 124 2
177 199 7
30 108 2
168 197 8
40 185 1
125 167 7
80 114 3
52 89 2
55 59 8
21 114 4
138 200 6
26 59 9
20 125 7
28 167 6
54 70 5
24 114 3
11 131 2
135 150 1
9 179 6
10 142 4
20 154 7
13 65 6
109 151 8
30 174 6
10 67 4
135 172 10
119 164 10
51 176 1
164 178 6
111 116 10
41 105 8
74 190 10
57 184 6
91 163 10
124 157 4
140 157 3
38 120 9
44 104 6
36 101 10
102 166 2
119 191 4
146 189 10
70 86 3
52 171 8
78 191 1
104 170 4
22 89 10
14 198 3
63 166 3
77 105 9
188 198 5
34 70 4
28 126 3
25 162 7
131 159 1
76 93 6
191 196 2
8 35 5
5 189 5
43 84 2
4 8 4
146 199 7
1 29 5
158 165 9
90 135 10
119 149 2
3 97 10
27 124 10
72 122 7
167 182 8
61 132 1
76 83 4
15 39 2
67 146 4
30 176 7
20 58 7
6 166 1
23 175 10
149 193 1
67 149 5
62 164 4
128 179 8
12 81 5
32 160 9
84 197 9
174 192 3
41 108 1
29 75 10
62 102 10
70 186 4
42 66 5
83 146 4
31 167 4
14 30 9
114 118 5
89 193 2
42 149 3
93 183 9
90 126 7
131 200 3
125 163 8
63 153 3
21 72 4
157 177 10
44 166 5
24 54 4
62 157 7
174 177 1
141 142 5
99 173 4
73 166 9
30 65 10
10 180 3
46 107 10
39 134 10
107 160 5
26 87 8
37 168 10
60 179 6
165 190 9
1 48 10
19 104 7
98 180 4
10 15 1
50 129 7
17 41 2
182 196 4
28 43 4
83 194 1
108 121 4
81 134 8
38 143 5
24 88 6
118 142 6
44 139 3
9 68 9
113 158 10
22 143 5
80 154 6
137 148 6
101 178 5
133 148 8
89 121 8
40 86 4
41 78 3
23 112 7
31 81 5
67 81 1
131 144 3
111 120 3
81 192 4
111 126 1
58 142 3
1 77 4
25 94 5
20 48 4
38 81 4
40 129 4
96 156 2
121 167 1
67 156 6
80 126 2
61 153 3
37 38 10
83 108 7
74 173 2
3 174 7
25 198 2
48 64 6
162 163 6
63 195 10
65 149 8
126 200 10
35 92 10
73 170 9
67 94 5
29 30 5
42 159 4
33 62 7
99 191 7
45 187 6
85 116 6
27 106 1
60 94 2
16 66 4
106 140 4
93 125 7
2 90 7
112 172 3
179 196 6
152 167 1
169 174 5
26 116 5
156 192 10
142 185 2
106 159 6
58 169 3
54 79 2
70 150 1
125 198 3
151 195 7
43 136 5
6 181 3
4 127 1
147 160 6
34 200 7
134 156 1
38 84 6
68 142 1
7 134 7
78 110 7
24 66 1
35 107 2
10 125 1
75 148 1
161 172 3
136 185 1
1 50 1
1 183 2
91 111 1
22 171 10
5 128 8
133 194 10
113 133 2
43 104 7
39 200 4
18 91 10
49 197 2
47 129 9
140 171 1
64 198 8
11 15 6
13 104 7
138 140 7
73 161 1
153 160 6
9 143 5
108 181 2
86 184 4
46 162 7
186 190 3
101 188 9
76 118 2
123 169 5
49 161 3
98 134 8
31 194 2
121 137 1
31 87 7
95 163 2
15 87 6
53 116 9
148 158 10
106 197 9
16 188 9
29 45 3
29 192 2
42 160 3
68 70 2
51 58 5
132 139 9
68 154 10
45 85 10
141 155 7
69 197 6
39 150 3
2 97 6
135 183 3
55 60 10
49 135 5
66 167 1
70 185 1
33 178 10
87 100 2
2 57 9
20 87 1
43 86 2
27 164 8
8 99 1
35 97 3
36 66 9
27 65 9
84 93 8
3 21 10
49 87 4
38 125 9
114 170 1
157 200 8
35 65 4
125 136 7
123 194 8
117 142 2
78 199 1
32 111 6
27 137 2
35 95 5
130 137 6
95 150 6
41 147 1
124 145 4
47 160 7
102 184 1
26 43 2
36 165 10
55 90 6
129 200 3
31 46 10
81 186 3
40 167 10
62 188 4
128 134 10
151 177 8
51 89 3
104 108 4
13 186 2
48 103 1
141 163 10
103 135 8
14 56 9
103 155 2
4 139 4
144 170 4
142 192 10
4 122 1
7 27 8
151 172 2
36 188 8
75 107 10
93 175 8
75 108 3
58 147 6
4 106 4
63 193 10
118 130 1
96 193 1
19 151 3
17 62 4
67 85 1
125 154 2
29 48 8
99 102 2
94 120 9
161 173 6
67 98 8
136 140 7
42 65 5
27 190 2
139 164 8
83 166 6
169 195 6
154 182 2
33 71 3
162 199 5
108 200 1
127 176 5
104 141 5
137 184 1
35 197 8
24 187 8
104 179 2
150 154 6
92 195 10
124 191 7
39 91 6
38 163 3
138 175 4
28 134 1
45 62 3
30 36 4
12 13 4
5 43 2
136 178 7
5 137 3
18 77 6
93 94 4
90 159 1
84 87 9
33 151 5
49 109 4
124 159 6
59 179 10
81 87 2
1 171 2
94 101 8
137 162 9
102 123 10
36 78 6
31 90 8
76 82 8
107 135 6
7 103 1
45 99 9
42 86 3
112 140 7
163 189 5
126 195 2
179 188 4
38 51 1
124 172 5
14 126 8
105 106 8
45 198 8
101 159 6
124 139 9
69 101 4
119 131 8
11 156 7
83 128 2
97 161 1
36 180 10
3 76 1
21 36 9
65 160 4
20 144 9
65 175 10
180 200 6
76 199 4
130 141 1
111 185 8
139 147 1
84 112 7
59 138 2
58 64 5
144 167 5
32 115 1
70 160 1
30 53 4
69 103 6
37 167 1
6 45 8
12 89 1
117 169 3
23 28 1
98 194 5
155 180 9
97 113 8
41 124 7
47 161 4
127 134 6
71 167 3
174 197 6
25 83 1
156 182 3
13 121 9
107 117 6
115 177 3
90 91 4
84 136 10
31 78 1
143 191 1
83 149 4
2 67 5
144 149 3
28 31 7
65 130 6
30 94 4
20 80 8
44 146 1
45 190 6
7 39 6
79 160 5
77 154 7
136 192 8
22 41 7
40 161 6
3 72 3
167 191 3
50 149 6
51 104 6
14 25 6
28 184 4
86 161 8
79 101 2
17 163 3
91 106 8
127 145 7
115 169 2
33 86 5
9 124 6
49 143 9
12 156 5
151 186 3
91 176 8
39 88 6
17 199 6
87 173 5
14 177 6
20 197 6
140 151 4
150 176 3
49 79 9
70 81 2
152 190 7
17 142 2
87 176 1
113 174 10
147 187 6
68 107 6
111 112 7
25 155 5
79 131 10
79 95 9
65 139 7
2 148 9
62 107 9
151 175 9
29 186 2
52 188 10
56 69 10
38 89 2
131 189 9
27 185 9
109 176 3
117 159 3
5 171 7
93 165 9
82 186 1
77 87 8
125 191 6
39 75 4
2 21 9
2 44 1
3 77 6
93 127 7
92 156 9
18 104 8
79 199 6
68 185 1
43 83 3
92 169 6
116 180 7
7 195 8
18 170 4
3 46 3
45 124 5
103 130 6
10 84 4
59 112 4
85 129 3
178 195 6
169 193 5
127 159 7
16 51 7
12 148 10
34 40 10
62 82 10
78 87 7
89 93 9
69 102 5
39 53 7
9 99 5
60 111 7
43 89 5
11 189 6
21 184 4
81 100 2
13 123 9
2 182 4
36 42 8
97 177 2
19 86 9
50 198 1
92 198 10
81 153 6
55 164 8
23 180 3
64 117 2
62 88 2
7 47 1
15 74 9
69 180 8
186 200 4
7 73 5
74 180 7
103 119 6
113 164 10
157 197 6
100 193 7
63 107 9
25 142 7
49 98 4
20 26 6
59 178 3
96 162 8
52 85 3
3 157 5
65 85 7
73 150 1
150 162 5
16 176 6
88 128 3
121 185 1
29 191 2
88 149 2
125 185 7
88 164 10
6 87 7
39 128 10
2 186 7
137 157 9
115 176 6
111 183 2
51 62 10
174 178 9
132 152 1
41 192 4
69 115 5
9 27 3
13 152 4
11 148 8
123 177 2
48 105 3
41 155 1
33 143 1
26 185 9
46 116 2
66 166 5
12 138 6
145 186 8
30 160 5
50 144 1
18 24 5
28 62 2
3 141 10
5 103 9
40 94 6
97 151 7
57 94 5
94 138 4
73 176 3
65 136 1
98 137 8
12 199 1
51 146 3
128 189 10
91 194 7
28 140 7
47 141 2
23 157 1
144 160 5
112 145 10
87 195 7
46 152 3
166 167 7
6 74 5
36 168 10
94 124 3
30 184 5
2 49 8
83 127 6
72 97 5
38 181 4
39 178 5
37 159 4
21 83 10
109 152 4
56 175 2
22 108 4
60 83 2
135 187 5
58 131 1
102 198 9
3 143 1
192 200 9
21 90 5
14 73 7
7 183 3
50 189 4
118 159 1
102 130 6
33 181 1
58 107 4
45 175 3
110 190 4
11 174 4
19 51 8
114 153 6
90 178 3
46 95 5
167 184 4
33 40 7
32 119 1
140 142 5
97 144 1
34 97 6
53 70 4
87 133 8
1 13 1
96 110 9
22 123 3
30 88 9
152 173 9
149 190 8
146 175 4
135 139 2
114 195 9
33 99 3
128 141 4
1 35 2
75 111 4
71 130 5
96 118 7
23 113 10
66 90 4
13 116 5
133 135 1
72 198 6
115 148 6
71 149 8
69 70 5
31 77 4
65 198 6
112 161 4
19 120 1
177 179 7
71 132 1
16 64 5
34 167 6
117 164 7
6 197 5
39 152 8
90 113 7
78 136 8
142 157 10
22 130 10
95 136 9
20 164 4
7 96 1
6 49 4
65 89 10
55 136 3
13 95 2
28 121 2
58 168 1
124 133 9
18 135 5
106 183 7
121 165 4
16 147 4
64 111 2
63 110 9
100 187 1
33 129 9
21 54 3
104 137 3
8 90 8
30 154 8
174 198 1
84 114 8
14 166 10
67 191 3
107 134 7
7 127 10
56 77 6
34 71 3
22 199 2
165 182 9
69 170 6
32 102 7
2 179 8
87 98 9
42 64 3
4 38 1
7 59 2
38 86 8
163 165 5
10 28 5
13 150 4
93 160 2
152 156 4
35 109 10
13 135 9
18 128 9
50 164 3
31 84 8
70 137 2
73 91 6
88 191 2
29 199 5
13 112 3
52 182 7
3 104 1
67 150 8
101 134 8
35 76 7
82 89 7
36 187 7
96 157 4
92 107 6
112 113 4
147 181 4
83 120 9
14 162 3
58 122 4
10 165 9
132 196 5
9 82 3
167 192 1
5 21 10
22 127 2
95 190 1
47 108 5
109 154 9
82 132 10
136 181 4
39 147 9
79 93 8
67 158 8
53 159 6
106 186 1
19 175 9
38 156 3
46 140 4
191 194 3
162 185 4
98 123 7
11 172 3
79 117 7
64 66 3
14 167 8
86 122 5
21 84 9
11 137 3
21 95 1
36 85 7
122 137 6
39 97 5
3 173 2
128 174 6
78 165 5
99 116 8
32 34 3
139 189 6
118 121 9
118 147 4
45 173 4
93 190 3
128 157 4
40 49 6
10 81 7
104 171 4
47 54 2
14 34 6
71 200 10
47 131 1
24 29 9
116 129 2
86 90 6
44 194 3
22 36 4
45 73 5
57 197 8
10 64 6
138 197 6
144 194 7
11 107 8
88 197 10
14 190 5
145 193 5
144 189 9
17 180 9
29 110 8
166 185 7
51 85 1
28 93 8
63 139 8
5 191 3
30 58 1
117 129 3
120 121 9
8 163 6
23 156 7
7 106 4
27 127 8
103 172 2
2 168 3
65 157 3
106 123 1
53 121 9
122 183 5
35 43 4
102 109 7
94 126 9
76 88 2
128 199 7
22 155 6
4 147 6
53 181 8
23 65 7
1 64 6
122 172 10
79 130 2
92 127 7
101 129 7
66 96 1
22 120 10
29 144 3
85 105 1
33 199 4
133 188 9
14 29 3
17 89 6
22 174 8
66 189 1
61 82 4
57 153 7
47 143 2
26 146 7
61 135 9
17 30 10
121 139 3
66 175 8
72 77 9
128 170 2
19 146 1
4 151 6
33 167 10
4 155 8
163 192 7
16 87 7
82 181 9
16 78 1
80 128 6
58 185 3
89 122 5
86 182 2
26 69 7
13 192 1
92 148 10
102 117 2
37 96 5
18 90 9
148 199 5
98 171 5
80 94 3
39 181 4
105 177 6
65 185 5
38 148 4
8 26 4
4 196 5
27 172 8
104 116 6
142 151 3
127 168 1
123 125 2
26 193 10
51 163 7
57 140 1
16 31 6
74 102 5
42 77 6
41 121 8
35 156 10
52 115 10
78 83 9
159 171 9
63 147 7
24 57 3
39 111 3
132 183 5
95 159 10
28 117 8
27 153 8
33 104 5
8 136 5
82 157 5
11 136 1
68 186 4
58 199 1
84 146 5
52 131 3
121 194 5
25 76 8
20 193 2
176 196 1
116 200 4
10 132 4
84 170 8
15 28 2
101 130 6
84 153 6
84 132 6
62 199 10
34 94 4
90 181 5
61 80 8
116 121 3
127 197 7
92 181 6
58 113 3
6 39 9
133 140 5
12 47 7
41 190 6
59 126 1
39 69 8
33 195 6
2 185 8
115 129 1
102 129 2
5 149 7
98 182 6
23 121 9
9 60 7
37 73 1
17 173 1
131 183 10
119 194 2
113 154 8
54 75 4
44 123 1
64 110 9
56 181 6
18 92 9
73 133 7
13 18 7
179 198 6
93 140 9
65 174 1
69 134 1
91 162 7
15 129 8
98 199 1
21 137 10
70 182 8
41 53 1
60 65 1
17 79 5
8 116 3
27 186 2
39 49 4
85 113 4
70 138 10
31 73 5
28 186 8
83 103 4
88 116 10
79 195 1
72 183 1
31 102 2
157 186 4
85 191 10
145 148 4
32 103 2
1 200 4
152 184 9
54 115 2
144 191 9
147 149 3
74 123 8
72 165 1
112 181 5
53 92 1
100 127 8
79 139 7
43 117 10
91 116 5
30 104 3
113 128 6
3 42 3
62 196 5
139 155 4
43 154 2
3 195 10
10 88 6
57 64 9
62 124 8
145 163 10
86 195 8
26 144 3
16 128 4
61 162 9
137 156 5
35 78 6
130 140 10
26 100 2
104 191 10
131 193 3
139 160 3
42 170 9
83 153 1
52 102 5
15 26 8
28 46 2
144 185 5
7 28 6
24 83 4
37 170 6
154 178 2
65 79 3
4 78 2
11 109 4
58 79 9
49 160 8
157 183 10
51 143 7
132 181 3
49 107 1
25 164 8
95 178 4
79 174 9
108 119 5
100 166 6
112 122 5
72 163 5
33 74 10
9 155 9
10 87 6
24 82 1
75 126 5
12 69 1
157 161 3
35 55 3
58 197 8
103 109 10
62 63 1
26 62 7
104 121 9
65 124 10
67 90 5
29 60 5
97 149 9
40 179 8
13 97 2
107 178 7
38 44 5
68 168 9
57 142 8
40 186 3
153 168 9
71 100 5
79 145 4
127 138 3
109 111 9
53 63 3
57 104 4
15 18 8
62 175 1
75 131 9
6 138 10
24 94 1
99 131 4
76 131 5
106 115 10
115 187 7
136 144 7
61 149 1
141 169 4
50 103 2
52 122 6
14 26 3
8 165 10
81 137 5
161 188 8
67 187 7
64 162 2
26 28 2
147 184 4
19 67 7
70 111 5
84 94 3
9 86 6
29 49 3
141 195 10
47 150 4
27 140 9
48 80 3
117 180 8
156 191 1
54 187 1
68 132 9
47 181 3
158 161 4
116 182 8
170 195 2
189 196 1
47 66 4
87 111 1
165 188 7
96 171 4
139 184 2
72 156 3
9 75 8
100 171 1
34 192 8
25 138 6
46 136 8
142 173 6
87 191 9
134 184 1
37 109 3
122 124 1
117 152 6
173 184 5
98 136 10
48 189 8
30 48 10
82 183 9
51 123 6
26 187 5
52 197 2
17 151 2
69 185 10
25 41 10
99 140 8
74 145 7
23 153 5
127 190 9
141 161 8
125 158 7
93 101 5
68 85 2
31 168 5
45 64 8
57 195 2
153 172 2
50 81 4
8 126 4
10 57 4
28 145 3
111 197 5
4 39 4
56 107 4
140 147 1
127 154 3
80 161 8
88 120 8
29 200 9
6 18 2
61 98 10
106 149 2
144 174 1
82 141 9
64 118 4
102 192 1
31 36 8
116 120 6
6 79 7
117 157 2
121 153 3
49 157 3
48 101 4
137 149 4
57 165 2
116 156 10
1 25 8
33 64 10
20 96 1
109 161 10
16 118 9
16 144 1
95 140 5
89 110 9
76 114 7
113 161 7
21 153 5
19 93 3
82 177 7
94 118 4
120 150 5
12 16 6
54 106 7
91 128 7
52 110 10
131 136 10
95 197 6
164 170 10
149 197 4
47 84 1
96 166 7
163 190 6
13 79 10
20 28 6
91 196 7
142 144 4
52 59 1
19 157 2
51 200 8
104 120 6
169 181 2
52 65 2
111 140 4
28 88 9
33 142 4
5 10 6
119 125 9
113 156 6
8 83 10
82 178 1
20 132 10
59 74 1
64 68 4
148 193 5
105 164 10
69 173 5
62 156 2
18 150 2
51 101 5
10 29 3
78 81 7
55 122 5
45 129 1
22 148 9
9 128 9
52 177 8
104 152 6
12 98 6
81 116 2
121 135 4
107 182 6
51 173 7
6 148 1
22 40 9
44 90 3
51 97 9
1 164 5
89 142 2
88 155 10
70 82 4
42 180 3
13 147 10
30 68 1
47 158 7
43 190 9
43 98 1
60 102 4
85 170 7
8 181 9
10 182 6
124 182 2
31 51 10
111 177 2
13 113 6
59 130 5
137 145 2
80 118 9
14 80 6
81 86 2
13 140 10
90 108 6
38 126 8
158 177 1
116 122 8
65 83 10
88 103 6
74 93 7
122 129 10
97 136 5
148 154 8
15 116 3
30 130 8
25 80 10
77 86 5
134 200 1
35 74 1
66 120 3
162 186 6
29 103 3
48 192 3
133 168 1
152 158 8
27 50 6
31 196 9
133 138 10
80 151 8
88 96 3
44 95 1
133 166 5
27 118 2
2 36 8
7 17 1
110 156 6
67 170 7
31 170 4
37 110 6
109 140 2
49 84 9
98 161 10
21 74 8
41 89 10
52 58 5
104 130 7
27 70 5
44 158 6
72 131 2
16 169 4
4 148 4
21 131 2
40 164 2
96 106 9
25 195 10
162 172 8
51 136 2
62 139 9
45 101 8
42 84 2
18 160 3
41 101 6
91 141 5
122 175 6
19 163 6
101 170 4
33 165 2
30 98 9
103 127 4
46 145 8
27 184 3
37 145 8
51 78 10
96 132 8
14 131 10
53 167 9
18 192 7
132 186 6
160 200 3
19 85 8
46 101 8
9 49 7
48 156 10
157 181 4
35 88 10
10 56 6
37 51 10
24 52 6
77 186 3
26 117 6
123 166 10
2 142 8
9 189 5
107 180 4
53 140 3
15 52 8
110 114 2
64 100 4
98 165 7
15 113 2
94 147 2
21 119 5
72 150 10
128 136 10
173 177 3
108 115 3
110 119 7
153 171 4
47 112 2
3 140 10
23 194 2
128 135 6
119 141 7
91 143 1
88 166 7
5 90 5
16 90 8
75 92 6
43 55 10
87 198 2
12 160 9
72 94 3
15 40 6
23 124 10
9 14 2
86 113 5
100 146 7
6 61 6
96 122 2
64 99 10
8 154 6
22 58 9
159 168 4
87 139 2
152 154 8
46 55 10
41 55 6
85 124 7
131 146 1
25 68 9
169 180 8
56 142 6
39 141 10
115 181 1
21 86 8
69 73 8
11 152 6
64 140 10
79 166 4
2 141 8
8 29 5
5 147 3
29 84 5
84 171 10
54 74 4
21 159 4
70 112 9
28 33 3
99 111 8
15 112 6
7 167 3
82 105 9
61 124 7
57 138 4
121 130 5
43 118 4
146 182 6
21 170 3
19 195 5
52 92 3
96 103 10
22 177 3
10 100 10
28 85 3
164 185 6
160 173 1
22 150 10
58 87 5
4 34 7
66 196 1
77 168 6
83 90 5
143 172 5
35 85 6
59 173 1
103 164 5
91 182 9
147 188 2
163 184 1
34 60 2
130 197 9
48 123 8
14 182 9
12 108 10
117 197 7
52 53 7
80 117 9
91 188 1
83 143 9
95 193 5
3 181 4
5 14 9
34 187 5
22 86 4
21 75 6
27 92 9
54 83 7
25 166 4
56 133 1
98 139 1
5 182 3
82 185 9
180 197 7
96 184 1
74 118 9
90 177 6
194 195 9
70 181 8
1 18 8
7 91 4
82 90 7
15 145 1
129 145 6
44 133 7
42 80 1
125 143 3
39 72 1
20 52 1
127 191 6
108 163 9
50 116 1
118 134 2
29 135 4
166 169 4
34 92 2
53 72 4
40 75 4
98 168 1
30 57 4
128 155 5
125 162 6
9 187 5
71 175 6
55 139 2
33 123 6
61 185 6
7 158 4
151 169 5
111 128 9
54 67 10
114 115 4
16 34 4
60 190 1
130 179 7
5 101 2
7 188 7
100 191 2
66 145 4
29 51 4
33 148 4
154 190 7
55 150 2
121 189 1
25 161 4
92 193 1
5 56 5
9 190 2
97 102 7
69 153 9
137 155 9
17 34 10
41 45 1
23 167 7
46 105 6
93 163 8
79 134 8
55 65 10
32 135 3
58 120 10
70 129 10
170 194 2
155 182 6
123 145 7
20 191 1
128 130 6
36 170 4
13 188 5
103 175 4
164 173 10
114 164 10
78 111 10
109 119 6
23 130 2
1 93 7
40 131 8
52 140 6
77 80 10
151 170 9
8 34 3
75 158 6
69 184 8
40 174 8
36 172 4
7 155 4
149 159 5
24 139 10
1 65 10
56 83 3
37 44 7
100 179 9
40 152 3
44 89 1
26 40 4
91 121 1
58 151 5
35 179 1
163 181 5
40 95 5
47 197 5
49 180 7
22 134 6
15 50 1
66 152 8
163 180 5
1 88 10
72 167 9
78 114 7
59 123 10
132 193 8
18 29 5
18 133 5
180 189 9
20 39 3
26 118 4
22 194 2
140 191 6
38 78 3
105 176 1
51 96 7
147 166 4
12 19 7
178 188 6
13 93 3
1 86 1
124 164 6
61 155 6
51 56 9
63 190 6
80 152 5
97 176 8
43 120 2
50 163 8
20 166 3
1 116 10
90 96 3
13 74 5
2 99 8
32 148 6
37 192 4
118 167 3
110 191 7
88 161 5
94 133 2
146 177 2
14 75 6
35 99 3
77 95 10
12 172 6
99 153 8
30 83 3
99 144 5
140 187 1
24 109 6
55 161 1
62 117 7
86 196 6
41 72 4
19 98 1
103 162 1
34 171 5
18 63 10
149 174 6
163 187 3
157 159 6
22 142 10
14 157 3
43 159 10
47 80 4
25 37 10
139 190 2
38 98 2
90 148 8
84 137 1
86 168 5
21 172 7
21 175 2
71 128 5
48 174 2
61 120 5
49 77 4
74 85 6
77 175 10
168 170 6
48 186 6
23 67 10
83 150 2
21 190 8
109 117 7
53 145 8
146 162 8
87 189 5
58 183 6
5 163 2
11 77 4
159 182 5
81 168 3
25 57 6
24 133 5
197 200 2
83 162 10
123 158 2
7 164 3
69 176 8
136 139 1
21 98 1
36 179 3
82 116 9
117 194 10
122 160 2
81 91 3
19 62 10
122 144 9
172 188 10
152 182 8
49 165 9
18 173 7
81 157 5
89 179 5
72 185 2
9 168 9
77 101 10
77 138 4
50 125 5
34 110 3
125 184 5
162 188 5
106 180 9
149 177 5
74 178 6
96 144 5
11 143 8
20 102 7
99 192 7
15 37 9
55 115 9
125 165 6
52 108 7
107 152 6
24 168 6
35 53 3
64 186 3
17 185 3
141 164 6
141 166 5
84 156 9
51 178 6
51 88 7
100 126 6
54 158 8
56 192 10
106 109 7
25 188 1
145 188 3
139 167 4
131 185 8
40 61 4
10 152 10
89 166 5
88 146 10
97 111 3
47 75 8
151 190 2
5 168 7
52 116 10
14 164 5
46 77 3
18 194 8
37 106 6
93 104 6
103 178 2
133 184 3
86 110 9
184 189 9
82 148 4
117 155 5
49 75 6
56 65 3
58 104 6
20 105 6
69 122 10
62 140 7
188 192 4
5 58 3
62 89 2
164 187 1
27 55 4
128 164 4
198 199 9
14 65 3
85 108 8
27 176 10
172 178 2
62 152 7
8 55 3
8 24 6
73 146 4
41 165 8
111 141 8
64 145 7
121 150 6
75 193 8
129 170 1
58 155 6
7 184 7
58 69 4
8 139 8
106 135 8
162 168 6
97 137 1
97 173 10
12 93 8
107 190 4
72 133 6
115 119 8
182 194 7
13 174 4
55 200 1
81 84 5
90 190 8
3 139 1
39 80 3
18 58 4
21 134 10
7 169 10
85 137 6
9 132 4
107 198 9
83 174 9
112 115 7
91 161 8
50 182 7
64 98 10
25 104 1
55 197 4
94 142 5
115 162 1
21 151 5
59 190 8
80 109 5
51 54 2
73 130 5
137 170 1
146 186 9
73 80 9
46 122 1
20 170 2
75 200 1
30 84 7
18 156 5
54 172 9
125 126 10
157 173 5
37 45 3
26 111 5
65 127 2
27 29 10
57 126 3
32 99 10
2 17 1
53 103 10
138 198 5
32 154 5
127 151 10
105 124 8
30 39 10
8 130 5
76 195 1
44 68 5
1 46 4
152 195 7
139 158 8
52 136 1
3 115 5
42 146 3
88 107 8
110 136 6
90 128 5
175 183 1
55 73 8
87 177 2
11 141 8
66 187 7
5 55 1
46 166 8
44 94 7
39 71 2
47 174 8
38 92 9
100 112 2
33 131 6
150 167 3
124 161 2
160 171 6
12 139 5
57 106 10
37 188 6
56 168 9
35 124 10
25 36 7
171 188 6
4 194 7
151 161 10
74 81 1
148 164 10
64 121 7
74 157 7
36 112 10
103 165 9
134 182 6
34 174 10
7 70 5
18 83 7
61 190 5
66 128 1
5 150 7
68 159 2
58 165 2
97 148 2
10 82 1
15 127 2
2 192 2
36 166 8
109 150 3
135 198 10
47 180 3
115 166 7
87 145 8
51 100 2
44 185 10
28 100 4
12 18 7
92 197 8
128 145 10
56 67 7
62 143 4
145 183 2
94 116 1
50 185 4
64 107 1
82 108 9
48 177 3
101 181 2
13 89 10
157 160 8
12 113 2
89 155 10
42 96 10
96 107 4
21 125 3
56 149 5
43 182 7
23 98 5
43 96 1
4 197 5
112 164 8
2 79 7
138 141 10
80 175 3
10 23 5
7 58 1
152 200 2
110 178 1
58 163 9
52 71 7
15 200 6
116 183 10
124 142 1
129 188 4
72 117 4
16 82 8
32 79 1
23 83 6
28 70 6
17 161 3
66 135 1
131 172 1
86 169 6
32 136 10
161 199 5
105 154 4
112 180 6
14 196 1
157 193 9
49 101 1
70 130 4
16 194 3
71 180 9
163 185 3
58 60 9
24 112 7
17 191 10
42 128 8
91 152 2
69 138 4
35 125 3
8 195 7
52 111 10
68 89 3
15 143 9
10 135 8
7 151 2
69 75 7
53 190 1
78 200 3
4 146 1
47 176 1
65 181 8
96 136 3
69 154 6
132 178 10
15 144 1
23 90 8
8 107 4
132 143 9
113 140 2
64 90 9
147 168 4
30 172 3
157 170 10
69 128 10
12 136 9
95 142 4
13 115 9
64 160 5
110 200 9
60 97 6
177 195 4
12 45 2
52 154 1
80 143 5
96 158 7
33 48 2
19 70 2
79 98 5
142 190 4
14 47 10
29 145 4
13 75 10
108 111 5
53 107 5
155 165 8
48 99 7
192 199 9
12 194 6
106 154 1
16 83 8
66 156 8
55 146 1
126 138 8
144 147 6
44 143 8
143 186 10
147 196 3
64 71 6
149 171 1
28 66 10
58 176 5
81 159 4
160 192 1
140 172 4
76 163 10
36 125 9
41 85 3
132 164 8
101 116 9
150 168 7
95 100 10
151 198 5
11 39 8
2 104 8
122 133 1
113 163 6
15 134 5
97 192 7
44 173 9
174 182 10
37 85 2
90 112 1
187 188 6
91 164 4
27 148 10
129 178 7
45 197 7
58 73 7
106 170 7
9 56 5
2 109 7
118 175 8
48 195 5
41 149 10
18 176 8
144 195 7
27 88 4
84 141 6
28 195 6
87 112 9
129 139 9
29 80 6
56 105 7
56 140 4
18 139 9
108 149 4
75 157 7
47 167 2
46 159 2
60 115 4
44 183 6
9 145 4
6 190 9
45 174 4
138 139 4
53 69 4
31 171 7
94 112 5
60 113 9
125 164 5
98 173 2
101 112 3
29 109 9
11 94 9
34 80 8
73 131 3
6 142 4
86 186 2
101 140 5
49 171 4
130 142 3
77 185 5
14 187 2
72 173 2
63 175 3
127 174 5
23 196 10
76 142 1
72 196 4
68 177 9
99 172 10
162 174 4
117 160 2
95 126 4
89 100 9
47 90 7
21 46 10
150 163 2
55 79 8
4 19 6
75 155 5
127 155 7
16 52 6
78 195 8
54 177 10
91 105 8
92 180 4
171 178 2
20 56 3
30 105 9
92 135 5
9 69 4
44 121 2
23 27 4
30 107 2
24 152 9
63 162 8
20 145 9
24 149 4
8 14 5
14 156 3
84 111 10
58 127 1
4 113 2
28 72 5
180 193 5
18 53 4
72 149 9
41 65 3
81 172 10
35 39 1
17 61 7
38 105 3
5 117 8
81 169 2
192 196 8
47 154 5
4 165 5
18 118 3
36 148 5
4 200 9
65 122 2
57 123 10
44 153 8
50 165 3
64 67 8
18 34 4
45 82 2
122 140 9
115 138 7
10 18 4
166 174 5
35 118 6
155 185 1
111 192 7
143 145 7
119 200 2
62 66 3
100 120 8
35 69 6
121 183 10
62 128 3
12 44 1
107 179 6
158 187 9
81 122 10
47 175 4
52 173 4
35 86 3
43 158 1
67 132 2
25 52 5
83 196 1
76 158 2
48 159 4
69 169 8
34 127 6
59 136 2
85 103 9
94 196 5
3 169 9
69 127 10
38 172 7
93 193 5
72 79 5
96 178 1
87 148 10
196 199 6
106 118 9
46 184 8
58 101 1
21 200 2
102 138 9
22 101 1
81 93 2
56 73 10
80 183 6
15 73 5
75 143 4
26 96 3
183 193 1
99 145 3
6 127 8
39 182 2
59 101 5
7 45 6
105 119 4
67 141 5
68 198 9
11 191 1
42 97 4
31 164 4
3 200 10
134 142 4
86 160 7
85 184 7
39 176 1
75 89 2
39 192 9
138 189 1
130 144 5
102 120 7
8 191 1
11 88 6
17 124 10
55 66 7
62 125 6
151 164 5
83 115 8
142 186 3
185 198 2
147 170 1
22 39 1
49 113 4
19 160 4
156 186 6
76 120 5
136 177 2
164 165 4
13 184 10
90 93 9
114 138 4
75 77 4
27 81 7
95 187 1
99 200 5
110 117 4
65 171 1
130 176 10
18 74 7
38 200 3
1 137 3
42 199 9
166 176 1
95 183 9
137 144 1
41 109 3
136 194 1
178 182 3
35 75 1
4 81 5
64 193 2
22 26 7
25 174 5
22 178 5
49 63 9
21 63 2
117 136 3
63 133 7
117 178 2
55 95 1
37 53 7
101 120 10
19 26 3
31 142 2
116 130 3
109 193 5
53 79 1
1 186 8
88 115 9
32 109 7
56 125 1
114 124 6
118 132 6
33 46 1
10 156 10
42 187 9
128 185 2
135 140 8
85 138 3
95 106 5
2 20 1
62 142 10
5 7 3
158 176 5
68 189 5
128 156 2
33 173 10
61 104 6
181 193 10
194 196 5
34 178 5
159 193 1
56 71 7
151 159 10
23 127 9
4 58 10
17 184 4
9 51 6
88 142 9
47 50 3
103 134 5
31 103 8
92 159 1
25 190 10
17 111 5
129 141 1
27 48 4
112 143 5
133 169 5
106 119 3
50 159 5
105 189 9
23 62 2
83 87 3
85 162 9
36 77 1
26 49 1
86 101 2
61 198 7
82 114 1
59 154 3
25 47 1
71 154 9
22 27 5
146 196 8
1 73 8
69 86 4
16 32 9
98 174 5
106 168 4
4 96 2
122 149 8
125 181 1
40 153 2
17 110 3
135 189 6
49 138 7
113 117 2
20 179 5
69 84 6
87 124 4
115 121 4
6 13 2
9 73 6
72 86 2
98 163 9
91 120 5
102 134 2
145 146 1
113 127 7
8 183 8
16 138 10
33 100 2
29 94 10
125 138 9
170 187 9
151 157 9
54 130 4
77 172 6
101 186 9
7 160 4
80 97 6
107 146 5
47 103 8
37 74 7
8 180 1
101 166 7
94 136 4
59 84 9
73 143 9
70 92 1
54 55 6
101 182 9
103 122 7
79 126 1
135 197 6
100 181 4
48 168 1
31 131 1
5 69 7
117 189 9
185 195 1
90 105 10
7 150 5
51 147 7
51 75 7
34 177 7
153 170 2
110 137 7
13 111 8
37 191 5
37 98 9
101 180 8
92 167 9
81 155 3
99 168 4
87 105 6
30 38 1
26 55 1
31 150 3
88 195 8
147 157 9
66 133 4
80 196 10
49 148 8
75 101 2
115 151 2
145 157 8
53 122 1
17 29 6
7 18 5
11 61 9
142 193 5
113 172 3
157 195 8
116 197 3
52 142 7
14 191 8
51 187 9
95 144 7
87 159 2
115 174 6
67 78 7
22 91 2
120 160 3
104 133 10
6 36 8
7 147 6
10 78 7
135 180 1
5 193 6
129 176 6
102 151 8
173 193 8
121 170 4
27 160 3
47 70 4
82 93 2
180 198 8
57 72 7
36 142 2
78 125 10
79 150 7
4 64 1
23 43 3
147 154 5
40 137 6
102 194 9
93 169 7
6 40 8
134 152 5
120 172 6
111 199 9
5 85 1
13 23 7
70 102 1
29 97 3
44 74 5
21 196 10
17 69 10
30 173 1
5 59 10
94 152 7
26 128 10
55 64 3
127 178 10
79 83 1
64 94 7
158 186 1
52 148 3
60 200 3
25 59 7
18 175 8
94 143 5
41 73 5
59 141 6
7 123 1
74 166 3
80 104 1
8 93 1
103 131 7
148 183 1
1 113 3
125 127 3
143 151 3
111 184 5
41 138 2
62 93 7
43 138 3
121 145 7
1 128 8
38 144 4
4 95 7
131 148 2
62 153 3
24 102 1
78 90 5
39 86 10
152 193 3
103 126 10
96 181 2
74 114 6
18 147 9
114 190 6
90 193 4
51 198 4
54 58 2
102 147 2
129 173 2
29 137 6
57 79 8
65 72 9
132 194 1
123 159 1
129 189 8
57 160 1
66 77 3
45 71 8
57 92 10
118 163 7
15 198 6
1 24 5
61 100 3
7 180 7
35 94 10
81 103 4
9 80 2
81 128 7
98 146 10
189 200 10
69 100 8
110 139 10
38 93 3
6 158 6
28 194 2
124 155 8
43 133 5
4 36 1
110 112 3
64 191 8
34 56 1
68 83 4
135 195 2
104 159 4
37 166 2
6 75 4
35 115 4
26 181 8
95 158 6
56 123 5
85 107 3
77 181 7
13 144 3
50 160 8
34 169 10
36 124 10
38 140 10
78 117 4
132 192 1
59 68 7
35 129 7
106 155 2
50 108 10
67 102 4
55 111 10
32 101 6
122 182 8
35 77 2
170 185 10
86 93 10
125 139 5
24 159 8
149 152 9
141 157 6
114 146 4
94 148 8
14 121 8
14 79 1
6 184 9
12 173 4
86 180 2
18 190 6
80 93 8
13 45 5
141 179 6
112 197 9
6 137 2
85 90 3
111 125 2
67 128 1
1 192 2
44 100 7
64 177 9
45 61 7
61 116 5
56 157 4
78 129 10
6 126 3
2 72 7
25 147 3
83 134 7
17 189 4
13 72 1
65 143 4
93 194 9
7 94 1
43 109 9
120 135 9
47 87 1
153 159 8
6 110 3
8 189 4
136 161 6
1 34 8
86 199 5
19 65 8
52 156 7
78 152 3
41 68 7
9 88 5
98 164 9
104 146 6
135 176 4
2 48 3
12 94 7
111 117 5
60 143 10
48 100 10
71 86 2
10 149 2
144 177 9
55 171 2
30 40 4
20 63 4
90 120 1
67 110 5
13 15 3
17 65 6
52 91 9
6 173 9
19 60 6
169 173 7
187 197 4
40 165 6
57 76 8
41 177 7
94 179 9
80 142 8
47 119 7
13 200 3
71 179 2
84 168 3
16 166 10
111 193 2
8 38 2
136 154 6
58 195 1
9 20 9
58 194 8
95 127 6
17 96 8
114 184 6
41 46 5
114 183 9
148 173 8
145 191 7
99 112 9
95 135 1
20 103 9
7 60 6
9 17 8
50 169 4
16 42 4
26 42 5
48 197 7
92 157 2
172 186 1
24 140 5
90 97 2
23 159 1
61 173 10
79 159 4
149 175 6
83 99 7
65 161 3
91 165 5
8 22 4
57 103 5
53 198 9
53 57 5
111 137 4
60 183 8
109 171 1
7 43 9
73 191 1
77 180 4
103 132 3
8 41 2
39 195 2
111 132 7
75 113 3
104 168 7
180 190 4
71 81 2
50 77 1
88 174 3
82 147 1
79 132 3
35 138 6
92 137 9
95 122 9
57 177 1
156 158 7
49 159 1
86 158 6
48 111 1
43 197 4
141 159 3
151 174 3
25 135 7
58 170 2
143 198 7
36 90 1
77 89 5
111 198 1
75 153 6
12 15 10
15 154 2
13 117 1
25 85 9
168 188 4
106 116 10
44 125 8
121 154 9
30 162 2
72 176 2
46 110 10
11 44 6
29 143 9
170 179 9
172 184 4
60 61 10
70 184 5
132 153 3
61 123 10
51 72 10
90 152 8
166 197 6
7 105 3
130 151 3
42 130 5
152 165 2
112 155 9
95 177 2
158 159 6
96 137 5
113 178 7
16 49 7
62 71 8
54 195 2
10 12 10
22 24 9
19 106 2
63 140 3
81 161 1
25 91 8
18 193 10
41 170 2
117 141 3
23 86 8
5 116 3
122 187 1
7 29 10
136 179 1
5 16 2
105 136 9
90 114 5
64 189 4
42 124 1
79 91 9
20 110 7
31 104 3
91 122 1
23 93 8
14 143 2
111 195 5
132 165 9
46 182 3
55 94 8
70 74 7
30 46 6
19 32 4
65 68 9
23 140 5
23 79 4
167 168 10
138 199 8
81 130 10
28 41 7
101 146 6
59 61 5
2 9 5
115 132 3
48 198 8
136 141 7
52 66 2
64 131 6
51 82 3
139 140 5
92 168 10
4 164 9
139 159 5
83 183 2
11 185 10
68 95 2
129 153 1
148 176 2
4 149 9
130 133 9
108 184 9
149 198 3
25 69 1
81 178 6
131 138 2
34 131 2
28 83 7
41 120 5
5 155 5
128 144 8
78 119 6
19 103 2
82 94 1
38 40 9
113 170 6
35 168 10
62 109 3
11 97 8
79 106 10
115 168 3
127 177 1
19 113 5
31 187 10
80 87 4
48 86 9
81 145 1
9 24 7
8 143 8
65 186 5
50 73 3
43 142 1
87 149 9
23 123 6
90 131 1
112 177 4
58 119 3
88 106 2
51 118 1
140 160 2
8 27 6
143 144 2
12 58 6
1 87 5
37 77 7
75 169 10
34 104 1
145 185 2
65 119 1
51 124 10
64 169 7
19 29 2
14 133 8
32 200 7
57 107 2
118 145 10
130 154 6
70 106 1
15 196 1
3 126 6
78 79 6
74 177 5
14 101 6
152 181 4
49 133 7
77 111 2
24 180 5
61 103 2
16 158 4
19 139 1
12 14 8
49 173 3
154 198 10
27 167 4
92 194 2
25 96 6
16 75 2
85 192 8
40 101 5
74 151 2
119 121 9
28 56 7
61 174 6
34 57 8
165 189 5
40 125 7
106 195 10
168 181 4
100 119 4
138 155 4
1 122 10
92 174 3
3 164 7
145 189 6
28 34 2
16 104 4
60 147 9
119 187 5
67 131 2
42 104 1
24 46 4
112 158 7
49 85 6
18 185 7
15 155 6
74 196 9
17 45 8
46 100 4
43 168 10
6 29 7
35 59 6
32 77 5
47 134 9
30 66 9
84 118 3
17 73 9
75 97 9
62 161 7
163 197 9
33 117 6
64 146 2
80 169 1
6 56 8
33 65 6
119 171 10
127 157 5
29 72 2
1 51 7
147 151 2
139 150 5
12 17 6
10 153 4
81 196 8
139 146 6
19 148 10
12 171 6
2 60 2
83 180 2
120 197 6
51 137 3
92 132 8
122 127 5
5 154 3
81 110 8
78 88 10
55 175 3
72 197 4
118 138 8
61 197 9
127 136 1
71 134 7
11 62 3
134 167 7
98 189 2
22 46 9
50 70 2
21 157 4
181 184 1
9 181 8
88 117 8
24 153 10
124 165 1
106 110 4
41 76 4
98 175 5
67 115 6
34 183 6
153 181 6
57 178 9
143 187 6
34 114 5
28 105 9
43 165 9
61 126 10
106 138 3
50 121 3
5 198 5
4 181 9
61 188 5
30 97 3
9 117 6
9 92 2
122 178 7
77 159 2
30 101 5
30 79 4
97 98 1
79 114 1
21 38 1
47 159 10
99 137 1
5 49 5
39 131 1
133 179 9
100 118 1
115 136 8
118 181 4
64 180 6
95 138 7
108 135 9
35 58 7
160 181 6
158 163 9
54 199 2
31 89 10
30 194 8
101 176 8
37 134 6
24 40 9
2 41 9
28 60 3
24 126 3
65 104 1
141 180 8
48 124 10
19 121 8
14 134 3
38 61 6
14 152 8
50 195 7
18 69 4
84 157 7
24 30 1
29 42 8
57 68 2
6 80 10
18 101 1
5 169 10
66 141 8
82 129 7
35 180 7
48 164 6
54 163 9
122 139 8
133 183 4
114 122 2
29 56 6
163 194 7
112 146 6
96 192 2
6 99 3
41 161 8
19 94 7
2 5 7
51 115 6
67 114 6
20 109 1
9 23 2
63 103 4
43 153 6
151 182 9
59 129 9
36 189 7
28 51 2
8 50 10
89 120 1
89 183 5
68 178 6
53 98 9
70 154 9
8 153 6
126 187 1
76 95 1
47 173 8
61 65 10
94 139 9
8 103 3
78 182 2
30 42 9
164 196 4
21 167 7
36 176 9
138 177 3
111 156 4
59 83 2
30 170 8
99 120 3
22 83 1
129 149 7
6 19 6
108 162 10
76 162 7
52 199 8
26 51 3
171 192 4
71 131 7
44 180 6
135 136 1
24 68 3
50 52 2
22 23 9
70 85 7
49 187 10
32 87 4
55 56 7
114 158 10
95 154 8
60 155 5
24 171 10
164 167 5
170 174 4
158 167 7
1 84 10
118 195 6
24 76 4
91 192 5
50 147 2
15 139 5
172 173 9
165 177 10
99 146 7
127 131 2
66 197 4
81 150 1
55 141 8
98 144 3
29 180 5
66 160 6
48 92 2
92 112 5
48 132 7
11 46 6
13 193 5
158 199 7
119 166 6
18 36 4
106 117 1
123 172 2
105 175 2
169 176 4
17 150 3
42 44 10
133 136 4
186 195 1
75 161 2
184 194 1
123 131 7
18 191 10
59 156 5
14 69 1
75 119 10
78 181 4
176 178 2
31 163 4
54 112 9
14 148 3
57 89 6
74 194 1
23 148 6
34 66 9
63 91 8
55 158 3
84 182 10
30 145 4
50 84 6
21 149 2
12 88 4
165 170 2
118 131 3
11 28 1
57 157 10
115 191 9
64 158 6
99 118 10
98 162 3
60 80 10
86 134 6
127 167 9
2 139 1
121 144 2
44 92 9
136 182 10
36 49 4
67 198 8
80 112 2
1 149 7
65 106 9
7 200 6
37 154 4
45 170 9
30 121 10
65 177 1
5 187 2
162 187 3
21 104 9
97 103 10
47 199 8
192 193 1
161 186 4
113 187 9
80 170 9
39 129 2
108 154 5
64 141 8
69 193 6
24 127 10
66 131 3
12 196 1
9 130 10
124 158 6
9 109 7
59 63 1
45 52 5
78 128 5
186 188 10
35 162 5
47 57 6
68 175 9
109 120 3
137 140 2
1 166 7
22 116 10
68 114 7
23 47 1
61 63 5
64 129 8
143 150 9
30 119 9
2 45 3
26 142 7
34 63 5
142 172 5
164 177 5
70 75 3
17 192 8
22 154 2
93 120 2
111 169 2
87 126 3
131 176 10
157 180 1
123 152 1
29 154 4
76 85 4
142 155 1
128 165 3
80 113 7
189 191 7
26 101 2
119 136 6
172 194 2
53 171 8
46 85 7
11 179 5
11 198 3
40 69 2
126 164 8
107 165 7
70 121 7
25 111 3
54 146 6
10 123 3
105 146 1
137 168 1
152 172 7
73 122 9
9 100 1
147 193 9
15 159 6
69 104 8
30 129 8
35 48 7
16 30 7
148 177 8
5 145 8
100 137 1
4 167 7
36 95 5
26 104 4
12 188 2
74 153 8
181 191 10
8 46 10
116 152 7
131 141 10
122 194 3
16 193 8
128 160 8
185 191 4
24 146 9
85 197 2
111 152 7
58 71 2
31 162 8
104 177 10
80 86 3
153 185 8
52 150 3
90 118 3
107 155 2
22 64 3
102 122 2
31 38 5
103 148 3
195 199 10
5 126 10
7 186 9
56 200 4
117 153 6
12 23 10
49 122 10
62 121 8
61 99 8
108 129 8
39 136 5
72 137 5
21 31 8
32 156 7
16 96 4
20 151 3
59 60 5
31 40 7
38 160 9
87 89 10
88 178 9
90 134 3
68 199 6
9 33 5
87 88 10
115 182 9
38 77 3
118 162 1
133 173 4
136 143 3
57 198 1
47 188 2
166 200 6
30 163 7
37 180 2
48 82 2
62 165 10
77 152 8
78 167 2
15 137 10
90 154 2
3 69 2
153 196 4
51 107 3
74 120 4
4 102 9
82 126 2
48 90 8
80 116 10
5 100 8
37 189 5
20 84 1
47 169 1
90 94 7
56 177 5
73 153 7
45 69 4
102 174 6
29 179 10
89 146 5
114 178 5
3 47 2
49 190 6
61 134 5
147 178 3
1 142 10
104 113 2
131 135 10
139 177 1
13 194 3
39 60 10
35 40 3
178 191 9
77 90 9
34 142 3
64 105 7
134 199 3
74 185 1
113 184 8
114 161 7
82 101 4
81 143 4
74 108 3
8 175 9
65 154 3
133 196 9
74 144 4
5 164 6
174 175 6
27 139 4
28 178 3
38 99 10
92 191 9
140 184 1
2 197 8
19 55 9
120 142 8
69 109 9
9 41 3
48 67 4
55 187 10
23 66 3
88 99 10
28 143 5
59 78 5
87 147 10
92 141 10
104 197 10
92 96 10
124 180 9
125 200 3
82 135 9
56 91 8
51 71 1
50 194 9
104 115 10
92 109 3
70 100 7
130 168 4
7 142 1
41 136 6
21 45 10
2 85 10
47 77 7
109 146 5
120 162 10
37 68 8
100 175 2
47 187 5
67 177 3
45 136 9
72 95 4
64 183 6
133 162 8
51 195 6
19 37 2
117 184 1
18 100 10
70 142 7
58 186 8
21 113 6
144 171 4
39 123 2
5 200 3
84 121 6
23 37 4
98 169 8
68 155 6
10 72 1
105 193 8
101 147 2
88 153 1
107 140 9
21 138 2
82 160 9
149 163 1
128 142 5
54 90 7
16 53 1
39 113 8
58 166 8
86 193 10
140 141 10
107 124 9
136 152 2
31 186 2
8 57 2
149 180 1
128 149 2
4 159 2
103 167 9
92 182 6
29 70 5
75 91 2
81 104 8
123 192 4
73 165 6
127 142 2
132 184 3
138 169 9
90 116 4
25 109 4
68 131 3
164 174 4
62 145 3
165 169 3
6 133 6
70 179 1
109 179 5
17 197 7
52 83 2
32 178 2
19 137 9
72 184 4
65 95 8
32 128 8
46 108 1
66 134 4
196 200 2
57 114 10
11 171 8
146 151 10
114 137 5
70 73 7
77 183 10
28 188 8
39 173 8
164 189 1
61 117 1
101 157 2
152 197 10
127 128 6
42 116 10
5 131 3
145 159 6
84 119 3
19 76 7
160 163 3
144 184 4
64 142 7
27 193 4
99 189 4
44 70 2
97 105 1
42 105 5
90 92 3
33 103 6
41 178 8
143 160 10
53 146 6
34 151 5
115 153 8
110 120 5
27 133 3
116 119 3
47 124 5
31 91 5
47 115 6
77 81 3
1 54 4
146 178 7
112 134 10
27 42 5
21 106 7
55 58 8
61 69 8
74 86 10
116 198 1
26 89 1
46 177 7
95 196 1
66 170 9
98 109 1
20 73 4
143 199 7
28 61 3
33 82 10
95 116 7
182 185 4
12 129 5
13 136 3
123 184 3
3 84 6
34 168 8
182 183 1
89 90 2
9 47 2
11 55 9
48 93 10
73 138 7
42 182 4
139 191 3
16 125 6
29 138 4
29 187 10
3 155 7
75 186 8
46 109 5
48 107 9
174 187 1
47 184 7
109 112 10
160 197 10
24 192 4
137 173 5
19 42 4
13 55 5
138 174 5
29 142 4
83 175 4
35 157 6
187 195 10
68 136 3
49 191 6
103 177 9
57 194 7
6 63 10
36 159 6
84 172 1
197 198 4
38 74 4
138 192 10
46 63 3
1 163 1
3 190 9
45 196 1
172 174 1
88 129 6
93 153 9
39 47 8
10 27 2
75 83 10
97 160 8
74 103 8
30 153 4
16 123 2
105 126 3
116 154 9
43 116 1
43 115 7
16 139 10
22 173 8
125 170 8
22 98 8
6 89 10
159 192 3
131 150 3
148 198 1
134 188 4
90 171 6
192 195 6
1 21 2
146 187 5
116 172 5
24 96 10
92 99 8
22 107 7
61 176 8
45 119 6
81 198 9
129 160 7
12 128 9
27 49 5
49 92 3
6 193 3
168 169 2
45 171 9
127 158 10
95 167 9
143 174 6
5 37 5
25 103 10
91 198 5
81 98 4
165 199 7
143 164 9
109 181 4
99 151 10
2 130 6
46 58 7
2 140 7
7 177 8
124 160 9
56 63 2
26 139 3
162 198 4
17 175 1
1 147 5
28 148 5
